  
 ------------------------------------------------------------
         COND_ID           P_ID        E_RATIO        S_RATIO
 ------------------------------------------------------------
        1.000000       1.000000       0.021868       0.022861
        1.000000       1.000000       0.025891       0.020851
        1.000000       1.000000       0.020237       0.020552
        1.000000       1.000000       0.020519       0.020737
        1.000000       1.000000       0.022584       0.021723
        1.000000       1.000000       0.022213       0.021715
        1.000000       1.000000       0.019288       0.021840
        1.000000       1.000000       0.025685       0.022927
        1.000000       1.000000       0.015954       0.018857
        1.000000       1.000000       0.015171       0.017332
        1.000000       1.000000       0.020957       0.020552
        1.000000       1.000000       0.020300       0.020559
        1.000000       1.000000       0.019333       0.018516
        1.000000       1.000000       0.017850       0.021541
        1.000000       1.000000       0.022174       0.019028
        1.000000       1.000000       0.019337       0.020623
        1.000000       1.000000       0.017214       0.018231
        1.000000       1.000000       0.019027       0.021137
        1.000000       1.000000       0.020963       0.020790
        1.000000       1.000000       0.022068       0.019615
        1.000000       1.000000       0.024210       0.017332
        1.000000       1.000000       0.023630       0.021830
        1.000000       1.000000       0.013399       0.020906
        1.000000       1.000000       0.019162       0.020728
        1.000000       1.000000       0.016989       0.020339
        1.000000       1.000000       0.019519       0.019712
        1.000000       1.000000       0.013951       0.020318
        1.000000       1.000000       0.020009       0.019028
        1.000000       1.000000       0.023308       0.020386
        1.000000       1.000000       0.023121       0.021021
        1.000000       1.000000       0.017676       0.022192
        1.000000       1.000000       0.013477       0.021706
        1.000000       1.000000       0.019285       0.021715
        1.000000       1.000000       0.019236       0.019028
        1.000000       1.000000       0.021267       0.023043
        1.000000       1.000000       0.024650       0.020848
        1.000000       1.000000       0.022308       0.021421
        1.000000       1.000000       0.027333       0.019256
        1.000000       1.000000       0.022765       0.023043
        1.000000       1.000000       0.020151       0.021317
        1.000000       1.000000       0.020074       0.022163
        1.000000       1.000000       0.023283       0.023158
        1.000000       1.000000       0.021485       0.019654
        1.000000       1.000000       0.018622       0.023187
        1.000000       1.000000       0.026062       0.022234
        1.000000       1.000000       0.026433       0.022754
        1.000000       1.000000       0.023211       0.021138
        1.000000       1.000000       0.026752       0.020552
        1.000000       3.000000       0.020313       0.029552
        1.000000       3.000000       0.011058       0.022516
        1.000000       3.000000       0.015881       0.021082
        1.000000       3.000000       0.024668       0.019844
        1.000000       3.000000       0.018899       0.017264
        1.000000       3.000000       0.016215       0.017364
        1.000000       3.000000       0.011735       0.023153
        1.000000       3.000000       0.016916       0.021562
        1.000000       3.000000       0.030987       0.025187
        1.000000       3.000000       0.028440       0.021474
        1.000000       3.000000       0.013431       0.024570
        1.000000       3.000000       0.024000       0.017936
        1.000000       3.000000       0.021204       0.020417
        1.000000       3.000000       0.024036       0.021082
        1.000000       3.000000       0.013940       0.024042
        1.000000       3.000000       0.024418       0.024094
        1.000000       3.000000       0.027092       0.021082
        1.000000       3.000000       0.032877       0.016219
        1.000000       3.000000       0.018640       0.019926
        1.000000       3.000000       0.018478       0.013553
        1.000000       3.000000       0.016753       0.025223
        1.000000       3.000000       0.014520       0.022248
        1.000000       3.000000       0.036802       0.029035
        1.000000       3.000000       0.025087       0.017853
        1.000000       3.000000       0.022942       0.022828
        1.000000       3.000000       0.029963       0.015302
        1.000000       3.000000       0.031354       0.016219
        1.000000       3.000000       0.014268       0.018379
        1.000000       3.000000       0.018935       0.019540
        1.000000       3.000000       0.020342       0.020798
        1.000000       3.000000       0.026329       0.021180
        1.000000       3.000000       0.020841       0.023153
        1.000000       3.000000       0.017792       0.020798
        1.000000       3.000000       0.037992       0.018318
        1.000000       3.000000       0.024322       0.019081
        1.000000       3.000000       0.012750       0.018572
        1.000000       3.000000       0.015699       0.020507
        1.000000       3.000000       0.007874       0.022516
        1.000000       3.000000       0.013712       0.018318
        1.000000       3.000000       0.024238       0.025976
        1.000000       3.000000       0.028165       0.018318
        1.000000       3.000000       0.019529       0.022134
        1.000000       3.000000       0.014045       0.017264
        1.000000       3.000000       0.028662       0.022828
        1.000000       3.000000       0.011249       0.021562
        1.000000       3.000000       0.013929       0.021371
        1.000000       3.000000       0.025060       0.013537
        1.000000       3.000000       0.013620       0.025223
        1.000000       4.000000       0.018127       0.017873
        1.000000       4.000000       0.015111       0.019834
        1.000000       4.000000       0.027854       0.021259
        1.000000       4.000000       0.017836       0.020695
        1.000000       4.000000       0.017347       0.021169
        1.000000       4.000000       0.021301       0.019216
        1.000000       4.000000       0.035142       0.020883
        1.000000       4.000000       0.009670       0.017497
        1.000000       4.000000       0.025601       0.020406
        1.000000       4.000000       0.030708       0.029751
        1.000000       4.000000       0.028140       0.021932
        1.000000       4.000000       0.019216       0.020690
        1.000000       4.000000       0.025158       0.020690
        1.000000       4.000000       0.026872       0.019378
        1.000000       4.000000       0.023787       0.018118
        1.000000       4.000000       0.021807       0.021448
        1.000000       4.000000       0.025692       0.023590
        1.000000       4.000000       0.013988       0.022123
        1.000000       4.000000       0.022706       0.022504
        1.000000       4.000000       0.019404       0.021932
        1.000000       4.000000       0.014469       0.017164
        1.000000       4.000000       0.018613       0.015257
        1.000000       4.000000       0.027581       0.025022
        1.000000       4.000000       0.021662       0.017164
        1.000000       4.000000       0.030715       0.018309
        1.000000       4.000000       0.015472       0.022200
        1.000000       4.000000       0.031509       0.020597
        1.000000       4.000000       0.030245       0.021741
        1.000000       4.000000       0.015036       0.020690
        1.000000       4.000000       0.014162       0.021824
        1.000000       4.000000       0.025036       0.019336
        1.000000       4.000000       0.043925       0.026684
        1.000000       4.000000       0.028857       0.025022
        1.000000       4.000000       0.008015       0.015051
        1.000000       4.000000       0.015847       0.021932
        1.000000       4.000000       0.017248       0.020597
        1.000000       4.000000       0.021538       0.023397
        1.000000       4.000000       0.013893       0.021259
        1.000000       4.000000       0.022170       0.021741
        1.000000       4.000000       0.019439       0.022623
        1.000000       4.000000       0.015599       0.017497
        1.000000       4.000000       0.014498       0.018628
        1.000000       4.000000       0.025843       0.020216
        1.000000       4.000000       0.019640       0.022504
        1.000000       4.000000       0.014375       0.016436
        1.000000       4.000000       0.010424       0.025687
        1.000000       4.000000       0.008974       0.015257
        1.000000       4.000000       0.009747       0.025174
        2.000000       1.000000       0.017885       0.020646
        2.000000       1.000000       0.017070       0.026167
        2.000000       1.000000       0.023636       0.023658
        2.000000       1.000000       0.012680       0.018811
        2.000000       1.000000       0.019138       0.023395
        2.000000       1.000000       0.020019       0.017155
        2.000000       1.000000       0.024820       0.016861
        2.000000       1.000000       0.026764       0.022793
        2.000000       1.000000       0.030726       0.018811
        2.000000       1.000000       0.017583       0.023284
        2.000000       1.000000       0.011162       0.020071
        2.000000       1.000000       0.012349       0.020525
        2.000000       1.000000       0.020990       0.023434
        2.000000       1.000000       0.022225       0.023020
        2.000000       1.000000       0.024942       0.020180
        2.000000       1.000000       0.027518       0.020070
        2.000000       1.000000       0.012056       0.024219
        2.000000       1.000000       0.015291       0.019958
        2.000000       1.000000       0.023477       0.016632
        2.000000       1.000000       0.012508       0.019515
        2.000000       1.000000       0.014527       0.019958
        2.000000       1.000000       0.032343       0.023020
        2.000000       1.000000       0.018315       0.016632
        2.000000       1.000000       0.016311       0.019958
        2.000000       1.000000       0.029967       0.023284
        2.000000       1.000000       0.011651       0.017155
        2.000000       1.000000       0.026808       0.026167
        2.000000       1.000000       0.022268       0.023156
        2.000000       1.000000       0.018983       0.020070
        2.000000       1.000000       0.018726       0.016299
        2.000000       1.000000       0.030506       0.022508
        2.000000       1.000000       0.031769       0.023395
        2.000000       1.000000       0.014912       0.017582
        2.000000       1.000000       0.029262       0.020070
        2.000000       1.000000       0.024563       0.025968
        2.000000       1.000000       0.027929       0.017123
        2.000000       1.000000       0.014887       0.021836
        2.000000       1.000000       0.012895       0.020182
        2.000000       1.000000       0.021299       0.020071
        2.000000       1.000000       0.024468       0.020187
        2.000000       1.000000       0.014887       0.023395
        2.000000       1.000000       0.021397       0.020187
        2.000000       1.000000       0.023171       0.019061
        2.000000       1.000000       0.017610       0.023247
        2.000000       1.000000       0.023639       0.016819
        2.000000       1.000000       0.024440       0.023284
        2.000000       1.000000       0.019597       0.023546
        2.000000       1.000000       0.020033       0.016632
        2.000000       2.000000       0.020233       0.023084
        2.000000       2.000000       0.020512       0.023615
        2.000000       2.000000       0.021985       0.019789
        2.000000       2.000000       0.034743       0.024184
        2.000000       2.000000       0.026956       0.018868
        2.000000       2.000000       0.020809       0.017430
        2.000000       2.000000       0.017014       0.019787
        2.000000       2.000000       0.016256       0.023569
        2.000000       2.000000       0.009520       0.020011
        2.000000       2.000000       0.022747       0.020011
        2.000000       2.000000       0.032825       0.023414
        2.000000       2.000000       0.028244       0.020436
        2.000000       2.000000       0.019585       0.022788
        2.000000       2.000000       0.019161       0.019122
        2.000000       2.000000       0.015321       0.018301
        2.000000       2.000000       0.016041       0.022828
        2.000000       2.000000       0.029146       0.020466
        2.000000       2.000000       0.026051       0.021081
        2.000000       2.000000       0.006194       0.016787
        2.000000       2.000000       0.015055       0.020477
        2.000000       2.000000       0.032661       0.019456
        2.000000       2.000000       0.012686       0.019677
        2.000000       2.000000       0.028282       0.023435
        2.000000       2.000000       0.026485       0.023124
        2.000000       2.000000       0.020111       0.017655
        2.000000       2.000000       0.028825       0.014510
        2.000000       2.000000       0.018915       0.018624
        2.000000       2.000000       0.017997       0.017343
        2.000000       2.000000       0.021633       0.023435
        2.000000       2.000000       0.023009       0.020488
        2.000000       2.000000       0.011856       0.016049
        2.000000       2.000000       0.010288       0.023615
        2.000000       2.000000       0.026125       0.019675
        2.000000       2.000000       0.014692       0.020354
        2.000000       2.000000       0.015749       0.019677
        2.000000       2.000000       0.015720       0.017655
        2.000000       2.000000       0.025637       0.023124
        2.000000       2.000000       0.027259       0.020666
        2.000000       2.000000       0.021433       0.022828
        2.000000       2.000000       0.015546       0.024024
        2.000000       2.000000       0.025637       0.023615
        2.000000       2.000000       0.013212       0.023135
        2.000000       2.000000       0.016561       0.021081
        2.000000       2.000000       0.023889       0.023093
        2.000000       2.000000       0.026232       0.020123
        2.000000       2.000000       0.023907       0.024024
        2.000000       2.000000       0.018218       0.023124
        2.000000       2.000000       0.019038       0.020345
        2.000000       3.000000       0.023090       0.020524
        2.000000       3.000000       0.021761       0.021187
        2.000000       3.000000       0.016341       0.021683
        2.000000       3.000000       0.025211       0.016919
        2.000000       3.000000       0.022383       0.025199
        2.000000       3.000000       0.023187       0.021180
        2.000000       3.000000       0.021096       0.022776
        2.000000       3.000000       0.017966       0.019020
        2.000000       3.000000       0.011096       0.018051
        2.000000       3.000000       0.023718       0.017886
        2.000000       3.000000       0.031460       0.017519
        2.000000       3.000000       0.032214       0.021435
        2.000000       3.000000       0.022020       0.021055
        2.000000       3.000000       0.019711       0.021063
        2.000000       3.000000       0.015199       0.019700
        2.000000       3.000000       0.013423       0.021055
        2.000000       3.000000       0.032375       0.023889
        2.000000       3.000000       0.027246       0.024564
        2.000000       3.000000       0.021318       0.024757
        2.000000       3.000000       0.034433       0.025804
        2.000000       3.000000       0.022131       0.021187
        2.000000       3.000000       0.004072       0.020929
        2.000000       3.000000       0.019377       0.024656
        2.000000       3.000000       0.021150       0.018499
        2.000000       3.000000       0.007557       0.021439
        2.000000       3.000000       0.035157       0.021807
        2.000000       3.000000       0.012773       0.021435
        2.000000       3.000000       0.019176       0.018051
        2.000000       3.000000       0.024815       0.018051
        2.000000       3.000000       0.024182       0.022291
        2.000000       3.000000       0.013472       0.020072
        2.000000       3.000000       0.012137       0.021194
        2.000000       3.000000       0.024196       0.024656
        2.000000       3.000000       0.011985       0.024502
        2.000000       3.000000       0.014585       0.025441
        2.000000       3.000000       0.021336       0.020072
        2.000000       3.000000       0.027590       0.021562
        2.000000       3.000000       0.027461       0.016919
        2.000000       3.000000       0.016542       0.019836
        2.000000       3.000000       0.012318       0.018337
        2.000000       3.000000       0.027590       0.020539
        2.000000       3.000000       0.021125       0.018591
        2.000000       3.000000       0.022503       0.018009
        2.000000       3.000000       0.025394       0.018051
        2.000000       3.000000       0.015618       0.014295
        2.000000       3.000000       0.014566       0.021564
        2.000000       3.000000       0.023700       0.021194
        2.000000       3.000000       0.022248       0.021556
        2.000000       4.000000       0.023362       0.020961
        2.000000       4.000000       0.025419       0.020807
        2.000000       4.000000       0.020004       0.021202
        2.000000       4.000000       0.010007       0.018928
        2.000000       4.000000       0.013877       0.016758
        2.000000       4.000000       0.019652       0.020943
        2.000000       4.000000       0.020001       0.017585
        2.000000       4.000000       0.021404       0.021457
        2.000000       4.000000       0.031296       0.024818
        2.000000       4.000000       0.019982       0.016878
        2.000000       4.000000       0.008342       0.020827
        2.000000       4.000000       0.011774       0.021457
        2.000000       4.000000       0.021030       0.016946
        2.000000       4.000000       0.022164       0.020481
        2.000000       4.000000       0.027769       0.021331
        2.000000       4.000000       0.025121       0.020467
        2.000000       4.000000       0.010874       0.021700
        2.000000       4.000000       0.015445       0.017677
        2.000000       4.000000       0.035254       0.018084
        2.000000       4.000000       0.026022       0.021326
        2.000000       4.000000       0.013166       0.022746
        2.000000       4.000000       0.032017       0.027552
        2.000000       4.000000       0.016272       0.020961
        2.000000       4.000000       0.019509       0.021218
        2.000000       4.000000       0.022437       0.021700
        2.000000       4.000000       0.009093       0.023821
        2.000000       4.000000       0.023094       0.019763
        2.000000       4.000000       0.024101       0.017086
        2.000000       4.000000       0.018414       0.017921
        2.000000       4.000000       0.017648       0.017385
        2.000000       4.000000       0.026311       0.021326
        2.000000       4.000000       0.027893       0.023821
        2.000000       4.000000       0.018862       0.021459
        2.000000       4.000000       0.025877       0.020817
        2.000000       4.000000       0.028344       0.017548
        2.000000       4.000000       0.017192       0.027552
        2.000000       4.000000       0.016176       0.020736
        2.000000       4.000000       0.016952       0.024660
        2.000000       4.000000       0.023664       0.024112
        2.000000       4.000000       0.030958       0.020714
        2.000000       4.000000       0.016176       0.020952
        2.000000       4.000000       0.029402       0.021331
        2.000000       4.000000       0.021421       0.017799
        2.000000       4.000000       0.016856       0.021339
        2.000000       4.000000       0.015351       0.020817
        2.000000       4.000000       0.018237       0.021700
        2.000000       4.000000       0.022988       0.021202
        2.000000       4.000000       0.022791       0.021331
        3.000000       1.000000       0.018304       0.002307
        3.000000       1.000000       0.017218       0.019588
        3.000000       1.000000       0.019104       0.019803
        3.000000       1.000000       0.019104       0.002307
        3.000000       1.000000       0.018223       0.032574
        3.000000       1.000000       0.018547       0.020332
        3.000000       1.000000       0.022098       0.000591
        3.000000       1.000000       0.021478       0.019588
        3.000000       1.000000       0.019951       0.000591
        3.000000       1.000000       0.021962       0.032574
        3.000000       1.000000       0.021124       0.020437
        3.000000       1.000000       0.021195       0.031872
        3.000000       1.000000       0.018141       0.021158
        3.000000       1.000000       0.024876       0.030117
        3.000000       1.000000       0.021266       0.033069
        3.000000       1.000000       0.022896       0.022057
        3.000000       1.000000       0.019339       0.032574
        3.000000       1.000000       0.020546       0.019803
        3.000000       1.000000       0.019800       0.010556
        3.000000       1.000000       0.020765       0.007814
        3.000000       1.000000       0.022896       0.000395
        3.000000       1.000000       0.020765       0.000979
        3.000000       1.000000       0.018141       0.019803
        3.000000       1.000000       0.016786       0.020953
        3.000000       1.000000       0.018628       0.033008
        3.000000       1.000000       0.022501       0.031546
        3.000000       1.000000       0.021893       0.019696
        3.000000       1.000000       0.021195       0.026710
        3.000000       1.000000       0.019183       0.018934
        3.000000       1.000000       0.019339       0.032699
        3.000000       1.000000       0.021053       0.032574
        3.000000       1.000000       0.022435       0.033069
        3.000000       1.000000       0.023601       0.019803
        3.000000       1.000000       0.021053       0.031807
        3.000000       1.000000       0.019026       0.032947
        3.000000       1.000000       0.019951       0.021561
        3.000000       1.000000       0.024461       0.007172
        3.000000       1.000000       0.022896       0.023582
        3.000000       1.000000       0.022368       0.019044
        3.000000       1.000000       0.023474       0.010847
        3.000000       1.000000       0.021053       0.013749
        3.000000       1.000000       0.019647       0.032761
        3.000000       1.000000       0.021266       0.018152
        3.000000       1.000000       0.022301       0.019909
        3.000000       1.000000       0.022962       0.032947
        3.000000       1.000000       0.020325       0.007172
        3.000000       1.000000       0.022766       0.025711
        3.000000       1.000000       0.022098       0.032761
        3.000000       3.000000       0.024659       0.017793
        3.000000       3.000000       0.024522       0.006069
        3.000000       3.000000       0.022762       0.034481
        3.000000       3.000000       0.022281       0.046356
        3.000000       3.000000       0.024378       0.043332
        3.000000       3.000000       0.022978       0.000564
        3.000000       3.000000       0.022058       0.002764
        3.000000       3.000000       0.023312       0.039974
        3.000000       3.000000       0.022153       0.043572
        3.000000       3.000000       0.010469       0.048939
        3.000000       3.000000       0.009544       0.002213
        3.000000       3.000000       0.019131       0.020859
        3.000000       3.000000       0.008196       0.035430
        3.000000       3.000000       0.020444       0.038236
        3.000000       3.000000       0.021532       0.001790
        3.000000       3.000000       0.019497       0.020596
        3.000000       3.000000       0.023673       0.042544
        3.000000       3.000000       0.022070       0.032289
        3.000000       3.000000       0.020893       0.008278
        3.000000       3.000000       0.021645       0.001546
        3.000000       3.000000       0.012779       0.036455
        3.000000       3.000000       0.027576       0.021283
        3.000000       3.000000       0.019015       0.042544
        3.000000       3.000000       0.025352       0.034481
        3.000000       3.000000       0.024718       0.019694
        3.000000       3.000000       0.021539       0.019143
        3.000000       3.000000       0.020000       0.001812
        3.000000       3.000000       0.021493       0.012558
        3.000000       3.000000       0.022880       0.034481
        3.000000       3.000000       0.021202       0.048575
        3.000000       3.000000       0.033960       0.001546
        3.000000       3.000000       0.034506       0.004715
        3.000000       3.000000       0.020075       0.002602
        3.000000       3.000000       0.009178       0.000277
        3.000000       3.000000       0.021359       0.004715
        3.000000       3.000000       0.021367       0.030064
        3.000000       3.000000       0.017310       0.000212
        3.000000       3.000000       0.015042       0.000212
        3.000000       3.000000       0.018948       0.020596
        3.000000       3.000000       0.015250       0.024304
        3.000000       3.000000       0.019733       0.030438
        3.000000       3.000000       0.020652       0.019143
        3.000000       3.000000       0.013924       0.000407
        3.000000       3.000000       0.010899       0.020859
        3.000000       3.000000       0.006123       0.016113
        3.000000       3.000000       0.022266       0.017793
        3.000000       3.000000       0.036340       0.004715
        3.000000       3.000000       0.040316       0.042637
        3.000000       4.000000       0.022264       0.020857
        3.000000       4.000000       0.024552       0.007863
        3.000000       4.000000       0.022457       0.000139
        3.000000       4.000000       0.022909       0.056389
        3.000000       4.000000       0.022691       0.046770
        3.000000       4.000000       0.023361       0.015127
        3.000000       4.000000       0.017167       0.044584
        3.000000       4.000000       0.017222       0.043116
        3.000000       4.000000       0.021347       0.000281
        3.000000       4.000000       0.028335       0.011424
        3.000000       4.000000       0.030870       0.020928
        3.000000       4.000000       0.021714       0.045710
        3.000000       4.000000       0.038069       0.048312
        3.000000       4.000000       0.013162       0.039952
        3.000000       4.000000       0.019316       0.020074
        3.000000       4.000000       0.017988       0.000139
        3.000000       4.000000       0.021135       0.014572
        3.000000       4.000000       0.020242       0.048471
        3.000000       4.000000       0.022832       0.035375
        3.000000       4.000000       0.020207       0.015127
        3.000000       4.000000       0.024305       0.018662
        3.000000       4.000000       0.014630       0.008038
        3.000000       4.000000       0.027897       0.018662
        3.000000       4.000000       0.024632       0.005879
        3.000000       4.000000       0.021565       0.001795
        3.000000       4.000000       0.016854       0.005879
        3.000000       4.000000       0.019509       0.000208
        3.000000       4.000000       0.019493       0.009769
        3.000000       4.000000       0.022190       0.022283
        3.000000       4.000000       0.023458       0.039952
        3.000000       4.000000       0.008055       0.042627
        3.000000       4.000000       0.004794       0.005879
        3.000000       4.000000       0.016045       0.022131
        3.000000       4.000000       0.031356       0.011424
        3.000000       4.000000       0.023933       0.000163
        3.000000       4.000000       0.022085       0.026737
        3.000000       4.000000       0.016935       0.000069
        3.000000       4.000000       0.022177       0.040754
        3.000000       4.000000       0.019555       0.044964
        3.000000       4.000000       0.020832       0.043116
        3.000000       4.000000       0.021431       0.020074
        3.000000       4.000000       0.023362       0.000069
        3.000000       4.000000       0.026469       0.014035
        3.000000       4.000000       0.027257       0.000069
        3.000000       4.000000       0.030433       0.024608
        3.000000       4.000000       0.020497       0.004129
        3.000000       4.000000       0.002411       0.000168
        3.000000       4.000000       0.000000       0.032647
        4.000000       1.000000       0.016977       0.025105
        4.000000       1.000000       0.020917       0.024733
        4.000000       1.000000       0.023146       0.016783
        4.000000       1.000000       0.022249       0.016561
        4.000000       1.000000       0.017257       0.024611
        4.000000       1.000000       0.023171       0.016598
        4.000000       1.000000       0.022141       0.025063
        4.000000       1.000000       0.024063       0.024733
        4.000000       1.000000       0.015896       0.016316
        4.000000       1.000000       0.021730       0.016690
        4.000000       1.000000       0.022992       0.024938
        4.000000       1.000000       0.025392       0.024606
        4.000000       1.000000       0.019500       0.016316
        4.000000       1.000000       0.021120       0.016672
        4.000000       1.000000       0.027979       0.016561
        4.000000       1.000000       0.030626       0.023735
        4.000000       1.000000       0.021025       0.016672
        4.000000       1.000000       0.019005       0.016653
        4.000000       1.000000       0.020287       0.016598
        4.000000       1.000000       0.018053       0.024815
        4.000000       1.000000       0.018390       0.016653
        4.000000       1.000000       0.017452       0.024606
        4.000000       1.000000       0.021098       0.025269
        4.000000       1.000000       0.019049       0.025105
        4.000000       1.000000       0.025847       0.024647
        4.000000       1.000000       0.018210       0.025104
        4.000000       1.000000       0.020969       0.016875
        4.000000       1.000000       0.021771       0.016653
        4.000000       1.000000       0.017568       0.016764
        4.000000       1.000000       0.021633       0.025105
        4.000000       1.000000       0.023469       0.025021
        4.000000       1.000000       0.020092       0.024938
        4.000000       1.000000       0.022769       0.016393
        4.000000       1.000000       0.022950       0.016653
        4.000000       1.000000       0.023579       0.025104
        4.000000       1.000000       0.015956       0.025476
        4.000000       1.000000       0.018592       0.023326
        4.000000       1.000000       0.028175       0.016764
        4.000000       1.000000       0.018558       0.023735
        4.000000       1.000000       0.018216       0.015634
        4.000000       1.000000       0.024339       0.015634
        4.000000       1.000000       0.016739       0.024980
        4.000000       1.000000       0.013936       0.024897
        4.000000       1.000000       0.017257       0.016764
        4.000000       1.000000       0.020725       0.024815
        4.000000       1.000000       0.019675       0.025021
        4.000000       1.000000       0.021210       0.016747
        4.000000       1.000000       0.018251       0.016561
        4.000000       2.000000       0.018230       0.017709
        4.000000       2.000000       0.026830       0.017650
        4.000000       2.000000       0.021298       0.017314
        4.000000       2.000000       0.020499       0.017314
        4.000000       2.000000       0.018502       0.017035
        4.000000       2.000000       0.024490       0.026432
        4.000000       2.000000       0.017907       0.025248
        4.000000       2.000000       0.015731       0.017650
        4.000000       2.000000       0.021180       0.026432
        4.000000       2.000000       0.023357       0.026651
        4.000000       2.000000       0.021836       0.026255
        4.000000       2.000000       0.017687       0.017808
        4.000000       2.000000       0.017180       0.018474
        4.000000       2.000000       0.024356       0.017473
        4.000000       2.000000       0.026039       0.018064
        4.000000       2.000000       0.028387       0.018515
        4.000000       2.000000       0.021809       0.017670
        4.000000       2.000000       0.017573       0.026695
        4.000000       2.000000       0.022316       0.018066
        4.000000       2.000000       0.019590       0.019008
        4.000000       2.000000       0.022668       0.026432
        4.000000       2.000000       0.017985       0.026608
        4.000000       2.000000       0.021332       0.027087
        4.000000       2.000000       0.018632       0.017768
        4.000000       2.000000       0.021783       0.017650
        4.000000       2.000000       0.023950       0.026299
        4.000000       2.000000       0.022429       0.018279
        4.000000       2.000000       0.021359       0.017650
        4.000000       2.000000       0.017866       0.017906
        4.000000       2.000000       0.024505       0.017690
        4.000000       2.000000       0.015445       0.026255
        4.000000       2.000000       0.008306       0.026432
        4.000000       2.000000       0.020463       0.026388
        4.000000       2.000000       0.024429       0.018064
        4.000000       2.000000       0.023878       0.026432
        4.000000       2.000000       0.025395       0.017116
        4.000000       2.000000       0.026170       0.017116
        4.000000       2.000000       0.018368       0.026123
        4.000000       2.000000       0.020004       0.019452
        4.000000       2.000000       0.019512       0.017552
        4.000000       2.000000       0.018428       0.017670
        4.000000       2.000000       0.024307       0.017116
        4.000000       2.000000       0.022750       0.018066
        4.000000       2.000000       0.018144       0.026255
        4.000000       2.000000       0.023020       0.026255
        4.000000       2.000000       0.021108       0.017454
        4.000000       2.000000       0.015599       0.017650
        4.000000       2.000000       0.017367       0.017768
        4.000000       3.000000       0.025180       0.013161
        4.000000       3.000000       0.014294       0.025414
        4.000000       3.000000       0.019725       0.012818
        4.000000       3.000000       0.020378       0.012817
        4.000000       3.000000       0.024451       0.024034
        4.000000       3.000000       0.015638       0.024032
        4.000000       3.000000       0.024589       0.025361
        4.000000       3.000000       0.027046       0.025417
        4.000000       3.000000       0.022258       0.013032
        4.000000       3.000000       0.017807       0.024032
        4.000000       3.000000       0.018828       0.025849
        4.000000       3.000000       0.023597       0.025849
        4.000000       3.000000       0.025750       0.025849
        4.000000       3.000000       0.015762       0.013075
        4.000000       3.000000       0.012670       0.012925
        4.000000       3.000000       0.008712       0.025505
        4.000000       3.000000       0.019532       0.012817
        4.000000       3.000000       0.025297       0.026576
        4.000000       3.000000       0.019498       0.025849
        4.000000       3.000000       0.023033       0.025505
        4.000000       3.000000       0.019358       0.025849
        4.000000       3.000000       0.025068       0.025706
        4.000000       3.000000       0.020341       0.025505
        4.000000       3.000000       0.023980       0.026022
        4.000000       3.000000       0.018023       0.013054
        4.000000       3.000000       0.018349       0.025414
        4.000000       3.000000       0.019114       0.025533
        4.000000       3.000000       0.020053       0.013139
        4.000000       3.000000       0.025238       0.012925
        4.000000       3.000000       0.016105       0.013075
        4.000000       3.000000       0.025921       0.025936
        4.000000       3.000000       0.033340       0.025849
        4.000000       3.000000       0.020994       0.025418
        4.000000       3.000000       0.017160       0.025414
        4.000000       3.000000       0.016132       0.025878
        4.000000       3.000000       0.016284       0.025677
        4.000000       3.000000       0.014813       0.013054
        4.000000       3.000000       0.021487       0.025361
        4.000000       3.000000       0.022927       0.013442
        4.000000       3.000000       0.023493       0.025505
        4.000000       3.000000       0.023221       0.013333
        4.000000       3.000000       0.016940       0.025677
        4.000000       3.000000       0.020759       0.025849
        4.000000       3.000000       0.024957       0.012455
        4.000000       3.000000       0.018414       0.025849
        4.000000       3.000000       0.020853       0.013161
        4.000000       3.000000       0.026971       0.012925
        4.000000       3.000000       0.025661       0.013075
        4.000000       4.000000       0.025806       0.026934
        4.000000       4.000000       0.018753       0.026754
        4.000000       4.000000       0.017902       0.013340
        4.000000       4.000000       0.019699       0.027812
        4.000000       4.000000       0.025745       0.026873
        4.000000       4.000000       0.017437       0.026273
        4.000000       4.000000       0.019300       0.013429
        4.000000       4.000000       0.017108       0.013783
        4.000000       4.000000       0.026129       0.026993
        4.000000       4.000000       0.018974       0.026724
        4.000000       4.000000       0.018268       0.026993
        4.000000       4.000000       0.015856       0.026933
        4.000000       4.000000       0.023034       0.014235
        4.000000       4.000000       0.020509       0.026545
        4.000000       4.000000       0.011182       0.013452
        4.000000       4.000000       0.007952       0.013990
        4.000000       4.000000       0.020473       0.013429
        4.000000       4.000000       0.023658       0.015284
        4.000000       4.000000       0.020866       0.026873
        4.000000       4.000000       0.024457       0.013340
        4.000000       4.000000       0.023283       0.026574
        4.000000       4.000000       0.025575       0.026934
        4.000000       4.000000       0.020231       0.015768
        4.000000       4.000000       0.023411       0.026903
        4.000000       4.000000       0.014975       0.026783
        4.000000       4.000000       0.022733       0.013429
        4.000000       4.000000       0.020092       0.025363
        4.000000       4.000000       0.019497       0.013074
        4.000000       4.000000       0.025404       0.026993
        4.000000       4.000000       0.019197       0.026903
        4.000000       4.000000       0.019527       0.014145
        4.000000       4.000000       0.027179       0.013340
        4.000000       4.000000       0.018365       0.013990
        4.000000       4.000000       0.016307       0.013340
        4.000000       4.000000       0.017215       0.013141
        4.000000       4.000000       0.026062       0.013340
        4.000000       4.000000       0.022579       0.013496
        4.000000       4.000000       0.012941       0.026933
        4.000000       4.000000       0.023233       0.026724
        4.000000       4.000000       0.023866       0.013429
        4.000000       4.000000       0.016719       0.014235
        4.000000       4.000000       0.025806       0.026724
        4.000000       4.000000       0.028273       0.026571
        4.000000       4.000000       0.025745       0.026903
        4.000000       4.000000       0.020314       0.013966
        4.000000       4.000000       0.022119       0.026993
        4.000000       4.000000       0.021555       0.026903
        4.000000       4.000000       0.024689       0.027113
  
