*Vertices 2237
253
796
176
140
375
430
1054
433
689
176
577
380
797
667
382
453
36
177
37
176
456
504
533
176
223
236
242
310
825
110
174
124
150
129
36
312
792
186
177
797
273
213
237
733
1054
36
177
178
160
439
797
614
797
341
773
540
797
780
797
175
172
797
177
366
431
174
177
229
210
591
158
176
347
737
609
177
797
1053
177
177
208
37
508
177
412
177
273
177
177
210
177
437
262
603
636
186
154
168
310
797
340
1054
520
835
36
1054
788
177
797
220
36
177
797
339
267
352
177
177
246
176
267
177
205
177
196
775
272
303
511
601
177
677
325
198
498
1054
36
235
1036
790
794
1054
1054
189
558
326
177
308
747
182
797
556
98
1048
683
747
177
797
420
1042
797
419
262
248
257
971
176
37
165
291
34
90
144
97
152
298
149
168
160
132
36
128
187
136
880
797
725
131
797
200
1032
192
696
263
177
176
169
36
177
177
177
797
714
779
287
177
505
172
269
227
267
376
1049
176
177
466
177
1054
489
391
237
165
166
423
174
179
239
172
146
175
174
797
319
455
581
408
429
727
1054
37
177
180
1052
1029
332
203
265
178
325
177
415
282
177
177
590
318
177
148
474
646
799
193
596
211
177
608
410
643
531
850
797
1038
177
385
97
177
1054
455
177
967
466
797
797
174
177
338
803
462
188
175
276
168
189
177
177
177
797
103
177
92
1036
178
130
173
222
177
179
731
679
352
394
431
738
535
699
162
383
592
797
736
434
535
177
177
433
797
418
177
476
264
37
546
253
234
177
797
36
177
177
276
796
400
299
177
165
449
177
36
181
177
599
1033
174
296
177
594
731
1054
629
358
177
177
177
215
349
177
666
169
797
177
177
220
34
38
262
177
177
169
430
797
1054
564
245
153
177
168
29
206
31
163
265
177
177
177
707
177
306
1035
152
175
166
429
176
745
797
546
383
797
177
36
378
177
315
330
797
177
797
36
705
282
177
797
797
36
795
615
177
856
778
341
344
442
177
972
432
341
234
383
1045
510
792
177
795
97
699
177
177
276
797
797
334
36
264
168
177
335
590
252
428
322
37
177
1054
1048
177
797
670
178
36
543
797
37
723
176
175
177
177
221
38
322
78
784
383
797
270
37
178
413
177
37
177
121
36
146
173
290
177
664
710
155
177
1054
177
963
1051
400
797
315
213
493
797
37
279
779
37
177
184
177
202
797
177
208
227
103
177
538
797
797
177
177
177
242
36
177
29
32
921
171
177
177
736
189
177
177
177
241
37
241
95
797
233
177
329
260
189
620
403
797
328
797
226
177
139
156
496
177
229
168
160
564
797
37
177
177
305
695
343
259
177
180
172
177
177
797
493
176
300
256
156
177
178
598
556
160
37
98
37
345
38
36
37
37
177
38
94
38
797
462
243
177
177
36
189
177
349
37
177
169
797
36
958
165
468
956
177
177
1054
160
156
217
162
772
139
37
177
36
449
242
36
177
163
177
177
1054
177
311
176
176
177
624
237
177
177
741
899
177
383
226
177
177
177
191
797
797
268
999
177
177
38
177
177
37
177
207
38
169
925
255
437
177
189
177
1054
797
1054
332
177
1054
172
169
37
244
177
1035
36
796
316
177
174
37
667
603
36
177
171
177
797
177
184
37
373
331
177
37
114
177
177
177
29
593
37
797
177
156
177
37
314
797
291
266
497
738
301
278
281
176
38
204
775
250
177
177
177
295
30
172
177
838
177
173
299
177
175
177
317
383
797
36
168
683
979
150
177
797
36
36
435
38
518
628
377
383
169
350
177
177
166
36
797
796
766
590
796
163
441
174
659
177
177
177
177
177
193
177
797
289
36
1054
36
177
177
430
177
177
1044
177
616
177
210
772
190
796
1052
177
532
177
177
165
162
261
145
165
154
36
330
177
36
797
150
177
38
177
456
177
750
797
36
154
177
169
36
177
151
273
177
706
135
203
383
177
237
37
791
177
36
1053
168
237
177
208
189
256
797
394
36
1025
627
797
153
157
36
797
261
383
33
260
164
177
1054
381
177
1054
177
797
284
315
37
138
1029
36
34
795
266
143
202
37
383
177
177
177
383
797
901
176
177
177
153
143
36
175
177
177
176
397
177
300
682
160
144
152
520
29
1010
177
177
171
171
169
33
1054
177
300
503
348
506
177
797
453
177
508
1050
213
171
1054
176
177
615
797
470
1054
177
205
606
1032
1054
1054
797
466
646
400
797
794
390
1054
284
709
177
245
783
177
1054
748
357
606
1009
767
337
359
1005
270
564
797
787
797
668
857
177
797
177
185
38
169
36
214
298
177
177
182
930
797
849
826
797
493
797
37
172
243
1054
766
38
558
179
1054
183
177
170
777
177
35
797
1054
37
1023
385
36
130
327
794
383
853
997
1044
1028
797
1046
1054
436
1054
1051
675
184
797
171
166
169
241
336
259
109
797
645
1047
177
286
541
794
797
171
177
177
797
484
383
796
781
797
1054
177
131
797
177
35
37
482
177
37
37
38
176
177
36
37
422
183
37
432
380
1054
332
756
1053
179
672
598
36
197
1016
177
442
210
731
147
36
177
305
922
214
295
171
177
169
550
523
33
793
168
965
33
35
177
514
177
177
741
404
797
797
177
1054
36
141
86
1052
778
177
415
522
175
37
296
460
284
305
177
1052
323
177
177
37
38
177
174
167
159
30
514
797
36
175
152
169
797
186
1054
460
33
258
299
33
928
1052
37
191
36
177
1054
177
37
177
1024
383
37
177
151
159
1043
231
383
34
562
1054
380
317
177
137
33
542
797
151
162
1054
730
770
35
137
294
263
734
153
150
155
36
36
161
37
150
37
36
160
754
37
548
36
38
797
35
177
1054
524
616
233
163
156
177
143
160
225
195
177
172
37
797
168
177
177
177
1052
797
962
391
247
918
867
174
38
177
32
177
177
156
177
700
797
381
1054
177
977
177
158
177
603
284
762
36
177
406
34
31
529
164
34
339
177
177
383
177
36
36
153
177
33
36
797
385
167
36
155
36
398
269
177
177
423
177
153
37
257
642
435
177
132
177
189
381
270
36
520
134
177
177
262
240
174
223
177
177
412
783
185
1054
38
795
601
177
164
177
140
36
171
299
157
177
177
642
366
519
377
518
37
177
326
1054
383
36
37
177
32
217
349
585
177
34
177
200
797
958
1054
175
37
37
32
661
153
158
177
177
37
177
647
149
163
172
133
986
789
766
123
162
177
177
125
125
150
1054
177
151
124
177
446
177
171
161
177
167
176
170
251
37
434
1028
1054
797
1054
380
980
177
221
760
996
37
507
37
277
173
771
38
654
76
950
794
738
661
992
383
36
177
159
37
797
797
176
36
177
273
177
33
32
177
374
177
1029
1054
532
383
1048
383
177
264
653
177
383
177
786
1022
232
94
37
129
276
1054
1054
36
219
796
37
516
37
169
382
32
37
37
797
36
160
36
221
310
36
795
38
177
184
30
37
142
470
36
1032
177
177
321
37
191
37
383
37
804
177
147
177
37
36
36
177
177
36
35
179
919
456
767
177
37
795
797
1046
177
175
200
177
176
1037
659
1048
1054
832
656
730
1047
682
1043
231
177
232
177
206
291
176
523
176
177
175
343
895
1049
177
1047
1053
986
796
177
177
1054
177
242
175
1031
593
1054
383
177
1047
504
230
768
177
584
177
177
177
409
205
1054
177
404
174
177
164
151
172
177
177
161
177
177
177
169
177
177
177
177
177
172
163
177
363
1054
295
491
360
36
36
1054
1054
37
797
374
177
460
97
383
37
313
251
797
177
830
177
749
38
321
546
37
36
177
37
177
461
584
380
177
177
36
36
177
792
271
257
175
177
1042
177
362
37
153
797
142
497
168
30
37
418
1031
177
37
38
411
149
277
468
219
177
177
177
1054
383
28
37
177
177
177
250
177
417
36
36
119
797
32
177
35
177
1054
177
277
175
38
210
281
37
439
150
28
175
200
417
794
177
200
272
747
151
28
37
32
36
177
177
452
275
177
167
154
450
156
35
145
152
177
137
176
177
141
227
33
177
38
175
177
175
177
177
205
527
647
696
698
256
37
177
671
165
162
177
177
156
173
152
139
231
160
176
174
146
217
32
591
325
641
177
344
177
177
177
311
177
796
176
163
176
771
176
496
177
156
163
177
177
141
159
177
485
175
177
163
171
274
159
797
36
37
28
133
177
177
176
177
177
177
177
154
170
177
177
173
177
177
177
689
291
152
491
177
159
1048
36
205
393
177
29
37
128
36
265
38
177
35
1053
177
36
778
603
32
36
172
149
152
418
470
220
156
969
231
165
177
247
171
177
177
177
177
259
38
177
177
330
239
206
273
177
177
177
177
175
285
177
177
37
177
177
177
1054
176
177
177
257
36
797
177
177
150
177
177
174
177
164
177
149
183
156
138
177
917
148
797
36
229
177
177
31
36
246
797
453
565
89
85
97
261
135
175
418
89
797
221
177
38
172
545
36
177
177
36
138
176
177
205
37
33
36
37
37
31
36
177
174
99
128
177
177
177
37
720
177
130
138
266
223
36
319
37
36
1050
36
1011
28
338
33
36
142
37
796
33
33
198
177
177
797
37
38
624
177
32
193
36
36
38
169
32
31
35
32
186
257
27
378
168
138
136
177
158
177
177
177
177
161
177
177
156
136
157
133
147
158
170
777
164
29
38
775
177
346
173
138
37
36
176
37
172
133
177
195
36
194
427
166
154
147
161
149
174
174
139
174
166
172
177
175
159
679
167
177
142
177
146
153
147
127
149
156
555
158
171
133
161
127
177
177
177
139
175
144
228
175
141
152
141
160
137
137
177
154
147
175
161
177
177
288
466
145
136
133
177
154
139
175
148
177
125
166
177
148
144
177
140
139
158
160
177
159
137
157
165
177
153
172
157
177
169
136
140
161
164
159
174
133
142
148
177
708
152
177
160
133
144
131
174
165
145
177
138
38
308
177
275
172
177
158
791
561
101
33
27
38
37
37
35
32
38
177
30
36
38
29
36
36
174
35
29
173
38
37
37
31
348
36
36
36
32
30
177
156
36
177
35
38
36
34
33
30
36
38
33
37
36
439
35
33
36
33
168
38
34
33
31
128
30
158
162
37
190
36
158
36
36
29
30
30
36
177
35
34
32
38
36
177
177
175
177
38
152
35
36
30
37
