*Vertices 2237
91.012649240
322.476278170
63.579874390
56.344267490
157.446259500
184.396343790
438.140807270
170.293465040
251.203423560
61.823154010
217.862516650
198.085368240
290.484346480
289.757993320
196.734861830
171.828766470
16.228714470
62.638079170
15.129743840
70.843885880
171.809656680
198.152936210
207.584935490
73.810120720
109.892429850
104.131085650
86.442508820
114.598104410
361.313988560
41.401884070
60.942222070
61.367836800
55.006300600
65.681062950
15.574366880
181.977167030
376.767457850
104.532418580
111.298867580
444.761304370
162.116365700
153.286862950
122.424806580
370.699117100
471.244183210
14.166562680
85.466342670
68.778911760
107.683151090
152.364404990
403.714686220
231.001908740
301.821649490
183.254943240
295.357287870
191.061799690
300.894955990
288.998084970
547.449095770
72.242071450
115.701891240
335.909540280
71.209282330
191.835615920
194.797139900
74.873634360
63.275891760
84.066032740
93.137213840
219.613079150
66.092299510
69.802580210
222.316828300
286.730761560
263.997440680
69.104191090
317.134774500
462.405976290
59.870917320
63.895263990
88.279790710
16.513036520
221.206239700
125.115772240
152.298128640
68.486668560
110.876821590
93.968384280
85.967847010
89.595181640
78.473422130
178.314836490
98.408500240
217.020494410
297.103793030
65.313327010
54.112276750
63.129552760
157.966789480
365.475638000
164.327280050
461.966669420
180.547434030
349.911567220
13.340109190
476.868086030
343.220487610
76.147608170
297.656813180
93.546815550
20.737935460
85.769626820
306.806852320
145.237583370
105.775711880
140.831838120
67.101453890
73.725731940
117.377781860
123.521126460
183.296428640
121.866885820
72.301077420
74.426600610
86.184636440
389.216329150
112.038202680
112.720745180
179.985205250
273.137205080
101.457836440
285.285602950
129.904026330
145.262147530
204.357543330
461.024546230
17.377601910
104.787583430
455.398673790
283.525568600
274.772393830
456.393432450
499.951893820
113.723610640
199.997476800
134.105868510
89.068070270
210.490562000
468.697794810
63.292204410
274.016758620
214.579648390
36.917643320
474.278591750
259.938858100
316.829237260
69.238718040
311.463669230
159.500710300
463.397512020
320.494861540
252.246788470
134.889939160
128.903263950
100.874406660
431.991229710
97.040712150
13.843677270
71.901495800
124.292572800
19.063077960
42.790233440
74.332381770
45.742910450
71.338443170
122.792702730
67.230762450
83.260116800
96.656621550
76.326589710
21.423241490
77.405379010
97.809282010
73.570827660
374.418798040
290.225364260
267.403573170
86.099377200
303.764443230
74.339152510
505.185235120
69.556540570
247.424272820
110.070445380
72.705632970
65.021976310
94.545127450
14.369083060
90.274692120
68.998845030
81.376702320
303.865419610
280.688278190
317.126147040
124.587290000
74.674295880
223.393588040
86.843122930
134.989973310
122.245226090
107.320778740
139.994326910
478.429523800
66.450450220
70.776002760
278.941790890
79.144333320
479.259714120
203.039295770
143.177445630
95.389163610
76.567994160
61.812407360
157.594684240
90.540454090
65.198575800
97.012484290
69.624075590
86.385973610
167.886379950
143.505865500
310.450788410
109.555431290
165.969056350
323.299502080
179.841193830
163.276739120
282.342390910
481.183303620
17.113287180
80.038091900
108.161250760
476.108950340
752.171574670
127.160701030
81.625652530
129.365256020
69.174704350
130.898848910
78.640489700
241.930675570
169.198636820
141.609940800
65.125267270
209.043964940
122.799887590
64.555168290
58.198803210
167.731750380
261.847048720
327.473515990
70.959836820
378.600761390
124.514089620
69.750390930
272.045519940
165.010431250
276.404872290
217.397203830
387.455747690
308.356093270
502.134952180
92.409084600
220.036165580
82.152707070
76.976736310
464.553645540
178.772019880
106.040092420
422.591995690
172.574607200
326.662223850
319.280980060
63.527009870
67.515326470
170.730068330
348.830368160
218.197435240
97.813687450
71.476608960
123.633274830
91.071830010
98.674096630
82.997907640
80.775928450
85.349291090
561.233404330
44.331525510
71.160861460
42.390709180
467.477806170
65.710482050
46.941578210
59.925393850
119.989260950
82.690545610
79.195718140
263.749595050
342.654944190
211.603173600
158.955613520
165.910266610
292.759488100
200.507715530
259.262611050
82.296496690
196.190441770
203.218008580
305.660949720
267.783933760
217.646992340
205.017354570
109.207628290
96.367492000
288.334260980
302.138410540
170.789579580
75.683109000
267.539014800
123.295493620
16.328232400
209.974372830
90.894335190
109.332078100
143.619129570
361.040980800
14.069040460
87.550004300
77.872371410
107.013870790
298.609307370
147.634103830
136.733648860
67.544285310
115.711319170
172.905468830
61.798170210
22.707134040
77.238334470
97.636906300
310.011559610
525.710824060
120.734162220
126.922892240
66.282835680
211.384603040
337.588580790
463.089252000
239.239064570
163.195581420
101.431018760
66.478570620
68.254931460
84.280642420
175.272305270
64.891316670
262.885831310
90.568130390
371.249917470
102.120741540
69.158420970
95.607577510
26.604615170
17.209207870
129.197001020
122.152463310
113.948951760
78.064667400
169.795106390
295.532773980
441.287077760
377.436732120
115.516434470
82.195980740
76.464370010
72.908405810
13.194834280
71.916587230
14.234799840
104.905111510
119.563251650
75.276608520
75.517915070
106.659862320
383.853599430
68.127828890
114.787383960
463.788735640
86.893685410
89.770525030
108.859615740
173.004764910
69.334638730
274.589826980
278.926117460
214.088843480
134.065503740
312.342839380
128.213372240
21.427637340
176.179025970
71.297959850
116.431849220
117.845982090
282.218601210
62.282970420
297.334412110
13.316642900
386.876834190
108.968435360
98.978010870
308.832803320
289.367836130
18.076382720
323.860567810
238.145731740
68.948492410
352.457848710
277.614199000
175.188789490
242.999552130
226.275468980
118.042974830
447.172462200
249.407370550
170.702077590
100.043383770
196.113298150
436.377127520
182.906001750
279.385986640
71.946830450
273.202391980
35.829952660
271.181242560
99.311416120
74.263742180
199.899994120
403.499883930
288.040837510
127.469146610
16.743788340
121.749790470
109.092666470
102.581890680
169.128036760
218.437604390
97.486273830
157.924127780
118.005749160
23.641712090
89.591506060
506.421834140
456.040496680
78.118216200
279.371606060
248.674825960
75.091077210
22.746562560
201.042125280
314.434976530
22.293574690
347.017208130
98.986085620
94.455303660
90.388704610
68.379156970
83.309090560
15.115202290
127.638466250
51.744787880
313.462180340
224.999080620
331.908454510
140.051501500
18.702317420
69.173037490
172.548766740
75.636210410
19.954907000
167.260628010
56.708218160
19.261519080
116.644103440
106.479243090
119.268625050
87.998415050
320.292358150
283.269836430
74.628242970
67.062591690
476.836012410
69.256183880
477.755679780
468.299259440
153.151769810
299.372148170
130.953145110
89.415283790
207.474122060
321.708450780
12.741323990
105.272180500
286.643135150
13.272179270
113.899501290
62.755699490
90.890894580
114.005930680
301.396238770
72.936947780
85.081754670
94.893974910
47.107014280
101.397607740
243.087745100
332.491855700
296.173267500
65.285441820
117.392392350
59.216218780
125.216410800
19.878006900
151.032902980
14.578558840
17.402058280
374.340423030
63.292060080
140.283348010
63.822542480
521.956157060
77.079216830
116.993767920
106.620272520
81.945718110
126.730476400
14.342293960
94.181459130
41.393474530
342.053128880
119.956022930
124.350840250
127.598890800
124.775952300
82.477688650
230.457327870
158.093641410
328.146672960
122.743969910
311.613426830
116.941811110
87.316893560
75.812219580
58.464908450
181.829521000
111.684695130
121.564391100
69.672309380
76.589938210
206.503589900
308.815854080
22.773707990
114.283733840
92.259015880
148.422558170
256.392375990
126.765111830
96.294648090
72.555980080
84.546462550
89.085420480
114.707050660
65.605927690
325.380974250
238.881125290
84.195871860
122.524282240
100.515164160
101.342642440
148.355072760
61.616431490
243.012431890
192.925695170
56.287144250
15.338557580
32.092701320
13.981880620
119.954032320
16.728606530
18.569439500
18.204414040
14.955510630
69.941596630
14.450148120
36.221847860
16.446080930
320.305059360
177.458430210
108.257914500
125.976320470
105.893666540
15.890412920
66.988546470
70.447978280
130.936068350
16.702539990
118.750717110
96.892707020
286.673638230
20.956936180
454.466107160
72.943753860
174.764603550
404.723189880
76.026532610
82.684183870
660.744148500
77.839442170
82.874971670
100.965676920
63.014662300
288.260771820
73.295888560
17.067052290
65.455967680
17.754540760
178.268430510
88.245578980
16.776995170
77.124461320
118.572906450
88.480796710
133.046065110
478.186715670
101.312421860
117.888252270
105.078265770
116.530306340
80.706939540
233.988502050
89.377424450
112.456832350
133.565450580
304.552665500
399.580749260
115.470456370
198.179216600
104.034613910
88.998551640
105.769463620
123.668681420
75.697084520
299.318445250
311.958544560
97.789622100
447.058702460
81.810506420
101.040997450
18.645767050
73.032844520
73.518556340
18.465694220
97.652248770
89.426312610
19.400507970
91.489438200
396.013603100
97.046257070
294.943875250
91.286881610
69.750719270
70.310355200
494.025844780
388.374539400
467.552096820
122.060956060
130.092567180
490.626431350
58.771275350
70.601132520
26.932366010
138.347396460
61.843134020
444.672665540
15.969053670
323.653114610
127.737258390
115.886411380
72.379520700
21.663149930
258.046391650
215.008989270
14.857553690
102.972274020
68.561925950
55.428781080
370.506375450
83.206256740
116.253134670
18.710632750
158.680347070
166.291479820
64.756191430
15.452546600
49.770555260
94.138079420
95.598366690
96.919110790
20.225556430
229.601931290
16.413747710
296.519584300
66.869566780
91.053664320
89.677245030
17.844979090
132.850941410
314.423105590
130.441744760
112.785880590
209.211428600
324.424097950
116.848485680
100.043239190
101.075352030
87.917530340
15.614987660
86.942260780
319.160994640
97.493647780
71.534966240
68.720077970
67.955745570
118.411344390
15.173539660
122.250912160
97.505211140
394.161978220
58.958605410
68.964873270
119.671551180
73.747526420
95.349700290
74.638089630
157.479473950
208.514923020
314.491827670
18.217045150
112.159155180
250.831249250
442.289367720
93.413155720
72.427713450
365.392721950
23.939156140
17.566991340
179.174530350
12.908998660
184.705439860
253.406047530
151.723794130
190.478470770
85.959266150
140.358429380
86.693127270
81.160513220
93.432588550
14.142173410
292.937449030
327.654563170
282.180148640
211.011123180
284.222612790
72.388571880
173.744044790
73.096651590
279.207690400
68.218303600
65.511168600
62.513786590
69.122856130
61.569856920
83.660191070
70.080283980
329.898742370
123.291298230
16.460924380
469.490587410
22.356613950
70.844138510
84.881748900
166.292264110
101.251790050
74.590741060
459.900999110
84.562945860
249.763166580
76.359238310
79.662394590
280.248630300
74.871687670
309.495579330
472.653838160
101.239371450
197.067745370
81.935509620
67.202984540
84.209308200
84.680805850
125.725337810
95.841279780
89.923514690
92.833554130
17.969669850
154.865370140
91.975747010
17.477135130
333.240142120
99.638514450
92.312550550
15.808891310
90.017816560
183.405179470
72.023653460
329.885851910
295.603447470
21.138137340
102.527809510
111.506937440
116.827427540
17.996801440
97.775682040
119.477404270
98.085996650
66.497239450
265.871128370
65.559708580
77.357073350
195.055979920
84.810760650
86.512421500
15.192241760
287.557423420
124.967849260
19.864433210
562.836272150
95.603840040
89.075663350
73.055532120
86.383481610
69.989991470
114.678527890
287.582330910
127.287700800
11.906791180
456.175935730
233.436533090
271.403527460
110.047767640
72.840452590
13.953787930
297.774548450
121.627045870
216.240777620
17.105286820
104.084111480
115.178204650
84.360961080
445.079031280
194.229614530
85.024530890
479.347855470
63.181780700
329.178590790
100.440712110
134.041552290
14.187180150
71.410891440
457.269456770
17.072793740
17.700878480
294.906249280
109.735584950
110.417573710
106.256725220
23.002608990
192.337315160
91.372678210
59.090709270
61.327563640
199.802846730
298.659867200
377.763138950
77.562433770
113.967799990
77.274223210
82.315707190
89.394409610
21.992808990
120.222491480
87.780958580
100.184138500
116.372540780
173.865528470
134.914389170
143.252326270
262.603292040
120.780200990
74.917138090
108.296561640
229.390590330
15.517422230
438.246252270
59.863099120
71.142906740
72.628753260
71.300281950
91.936595620
17.028646480
440.256825270
59.911211580
107.156026980
173.318069820
145.378399800
187.391898510
61.129892350
268.580495830
155.489490590
88.771409390
180.664464480
477.173508830
78.572444910
61.799527680
452.422964370
67.341056200
68.900417120
207.188140810
296.690368180
165.390066430
461.184130300
67.678893290
94.503332290
219.831200120
456.759095280
465.152487930
456.384766990
291.709775920
178.137967090
234.698253960
184.933736290
282.979951160
291.574594090
141.348398750
449.614089000
102.527515730
249.662862160
60.315936680
101.633844690
291.926628000
69.306876630
475.118179690
317.044890010
150.151439080
226.767772340
452.101639910
283.128146910
125.157895740
134.801219410
429.259892270
101.576940860
218.443326650
287.706959610
275.296056710
298.151617080
248.691964920
354.223535190
64.765849080
312.003685670
81.882046850
68.295067020
24.040389820
69.180885110
23.054585790
92.192696890
108.780059900
80.629703410
80.825730190
67.509537920
406.476335250
322.051543290
350.156395930
349.181533760
288.597332360
215.862781170
317.606641540
16.796049690
64.860706180
96.100110690
475.037023580
285.481713820
19.730517970
205.960819100
66.792259710
464.795235380
79.495193920
67.187605820
83.751000390
291.397079650
68.787245310
15.833032560
288.225083270
471.273822560
18.096998690
456.406547640
165.762804860
20.360921390
81.104315510
185.987087820
291.386360570
200.489016380
345.899468350
435.173768390
455.178439180
502.320731970
293.001537670
465.662924050
475.081312440
176.698560450
463.390098280
469.462744020
261.338596230
60.238089390
294.076263450
84.711981050
102.062785200
101.949338840
93.852628520
138.475910890
108.140754230
41.676611360
332.775797870
258.915580620
467.620046330
66.837373900
125.960508850
194.501057140
290.131895810
284.927110760
59.796584130
78.039970450
65.811279360
303.745942600
180.805897620
191.766743640
346.889735840
303.042227500
325.385016650
551.955858250
66.281477700
88.205866330
308.736145570
77.020827560
19.321004680
18.064427740
191.784738730
70.690900460
15.446407740
18.482944860
17.542799030
83.640305820
57.131376000
21.088137810
22.201333650
149.461790540
64.792112730
17.102572110
180.063237330
141.363600340
457.040747440
125.225318830
324.790705530
467.637783210
64.700322250
267.116686480
222.451670800
22.651503990
73.052648420
449.222022320
68.603840930
236.957782280
90.122017740
267.248031210
104.237722750
24.016607090
62.306541450
157.327428940
388.683398750
74.084433490
140.979059700
84.313409010
66.197750580
85.245787960
189.750788170
208.949399270
15.827485330
322.615262160
103.604126090
417.968812250
18.012070580
20.440260030
63.215385320
180.458847600
79.593952370
58.747992090
311.567841160
142.479258780
343.271477020
327.161731190
73.776434800
479.147378390
23.898338150
83.698727290
32.533084050
461.091423060
266.684008760
69.784235970
170.752897460
190.693825100
66.176954650
18.585551290
127.073684900
230.281654670
114.292438750
107.779804460
80.683382620
481.239859530
113.487772660
66.434082080
67.868373940
21.752424030
35.571253130
64.684791560
63.820513400
70.346865130
92.052737660
14.098011220
188.695048570
295.486897690
18.382077380
167.774339190
94.749011830
83.579567890
308.931893530
80.733654060
473.190505890
205.806076990
21.918408600
119.093198720
129.181158590
17.736580970
405.360135230
497.598286600
19.221385310
85.232124500
21.336967270
71.552536180
520.296301100
82.211656520
19.227956880
59.836193450
435.076765280
191.613889700
27.941254370
101.762574930
98.451456740
112.685330980
504.784959290
86.932397370
202.559237110
15.983379260
218.655204010
446.124575260
146.249206430
135.385903380
81.738605640
51.140266910
17.344815370
217.838922350
307.311285080
95.415990560
66.361552980
467.647176510
264.450757610
292.677967660
23.319085840
104.373703240
111.020393820
100.902629130
310.918935860
88.947422060
100.049912000
85.909906400
20.425134100
18.411924770
90.167058980
26.732054320
105.088988340
25.893251940
28.824735400
77.765065030
285.692230470
21.175872470
198.342227880
21.636091870
13.868110270
284.577351510
23.156269450
62.234156490
457.059910220
193.170795210
224.387162200
85.979468280
66.628390970
69.494754820
75.642517160
87.272499590
76.048894760
92.479588760
78.438138580
62.448203520
76.915668430
17.586852320
289.190247600
75.264992330
72.943442340
64.013367460
64.715414450
445.670163560
294.767991130
405.195041150
144.395808240
94.421686690
408.087924560
351.830479320
57.931478400
13.429126740
61.930943210
18.909068600
59.132823810
78.516401040
67.948372340
60.854602780
273.462138940
304.259231530
187.909787250
459.548907170
67.210241840
423.545714010
74.219667140
81.915333450
77.397208280
241.480314350
117.207586510
329.815263140
24.717290200
65.092192820
159.418366360
21.379857010
17.815514020
195.637964910
74.790790380
14.768192590
124.016481450
66.058358930
65.535996910
199.948787560
64.725105440
20.141248730
21.544825310
107.896736770
68.484268310
16.792120180
20.249248850
285.922786880
137.444878990
66.893984230
24.660746710
81.508490920
22.216064460
131.185347620
105.769258580
63.058459760
68.598129200
151.304540560
83.221911400
60.647480530
21.560764850
93.420944740
270.159255530
160.991764020
63.325775410
62.636266350
81.426446290
81.279835190
147.161474750
111.262500050
14.262737640
201.876918790
86.362606380
90.362173120
68.191955780
123.877738870
98.631841500
74.506904450
91.601838900
75.772327200
64.194521190
163.990459300
296.460389350
73.783839600
449.492343320
13.062684250
291.748231600
277.906449180
80.136758580
100.924226980
91.170905870
84.512468720
14.190325760
60.480808450
120.411320380
117.865932770
104.731632960
80.472618090
264.886539430
130.497868760
261.594899050
147.326017260
193.112282270
23.358020580
82.617186160
117.099980570
474.595460560
195.160702660
15.159401230
21.849602140
75.223115240
22.158760550
132.871059220
149.588034340
206.943616450
63.726858140
22.788726410
63.415117210
72.362000940
349.022109300
407.025269600
517.628748380
67.869633830
33.831002300
18.579499320
19.319609080
335.304208520
74.046064940
83.687752050
67.131252690
80.270221370
24.721098250
67.690104330
249.773514470
65.531699610
63.133929730
65.343996180
67.746236000
447.091351380
299.374014110
309.932084200
83.502741820
92.136004430
79.475256120
74.812796750
67.844738580
71.156333620
82.866491320
483.089991390
86.775898130
82.243242210
81.321875010
74.435305040
187.139147240
66.938517180
71.036387120
89.029224610
63.441368580
79.743643440
78.933246360
88.398172430
105.874860690
24.505105670
180.835791640
473.458632310
482.301726380
295.640075330
507.085837040
179.203641630
515.150960500
72.680267350
78.323971130
284.421373130
416.655524750
22.706952320
250.003649450
20.613124820
116.349760410
98.814454400
290.992786150
12.997646710
238.070205030
27.081598290
411.629820310
273.712642370
258.040747760
250.587204790
440.474703860
195.146347370
12.432727660
78.126084170
75.871956500
23.156334930
302.557004820
285.195695570
78.558181080
12.606829370
63.603363900
103.142435910
58.236399860
19.666693490
14.915018850
63.928471070
148.559959530
81.267731070
494.906540790
480.537421440
202.289878380
205.165408240
453.180001120
192.945886110
63.455191260
100.198713870
242.768943560
64.407261140
193.178821830
60.823892540
301.737205480
456.514620280
79.590078990
46.216953240
19.266486430
87.907516080
97.638823350
453.852177710
515.301138870
20.911605980
90.385419280
290.485738110
20.385470380
187.526907920
21.014940910
69.883819780
169.637892540
15.331368380
15.601591190
20.097291920
308.851346620
23.587840580
82.079730160
18.687796070
80.775286360
111.719910830
17.863046070
298.059610330
12.721605640
69.854754120
72.972011630
19.683058400
18.206552730
84.813402650
175.964826500
23.001094780
442.617572970
59.145686470
61.490304550
107.505407200
24.073773400
64.449268510
21.584298920
199.372600820
21.391829990
327.387047030
64.291304670
84.400260570
58.458533940
23.125134080
20.030286040
18.940601380
66.605749510
75.766758730
22.036519810
17.002918100
66.702391300
380.524362270
172.508045190
290.701937120
64.685954050
15.103764300
303.681082530
295.509807450
464.325995690
57.529203270
65.661303640
75.733913770
60.296500420
62.772296980
454.548446210
264.132321000
445.872253440
492.739085530
335.527955630
235.934995780
271.330362960
460.460493680
263.599503010
476.732244870
78.459364030
65.338124200
90.069283980
64.507859480
78.489711370
108.336594300
62.147116890
206.186780960
69.487494640
67.027259210
68.037030880
119.538805930
368.952673220
460.998362380
60.135674190
465.142944810
458.912679210
412.246016070
335.774775860
57.642183690
70.774920930
465.053658050
72.477581740
84.993734060
58.279955560
462.948723640
234.324900010
465.312777300
193.848711180
68.827173350
448.794962540
177.189923090
83.931225930
291.182004450
64.866672080
246.414422660
60.704195590
64.443436390
59.333288800
142.766579100
74.879633140
485.312695970
69.088074450
143.849333750
68.004585290
57.924772930
63.600557090
67.746332950
61.470072010
59.908559480
75.428902430
66.011083190
61.276460920
71.335057360
65.903525570
69.186722760
74.525719890
62.818328990
62.077465330
59.820883090
70.804191540
63.503769330
78.784846420
66.917524160
129.936822420
502.820740870
120.449458370
170.560465290
126.977035470
19.446150950
24.043360580
458.663664080
510.550911900
18.901005330
338.364883290
191.997263930
59.821099160
190.980115790
36.538312770
196.823315750
21.154854590
152.591572280
92.560363970
337.402551910
58.018908690
360.183839250
73.849033780
294.051993760
13.647061490
113.971505120
195.146539150
23.339496510
24.640277240
136.499026370
20.038020470
85.146133060
181.141225370
219.642028210
148.745816190
62.091917690
85.039418640
14.871094220
20.925770460
59.146588960
322.835069180
100.012121870
100.601587310
73.014074210
65.836886470
521.827136780
58.877137850
127.791717510
21.151509940
93.437566550
302.177134950
82.635435590
202.402643610
129.050206110
19.585730970
19.805085480
157.225986160
500.289789190
80.909075780
20.378175500
13.779209880
149.615804080
96.322327090
100.428211180
174.304752460
79.350472290
67.630189340
67.339490330
63.278447450
456.786839320
200.373977750
13.936050780
23.868417360
60.293595870
96.347387800
61.334079900
107.482946760
64.502199070
140.524949500
21.036648690
18.198334760
39.857073600
325.405045600
17.822476060
66.950984060
20.879665710
56.610986080
460.566044690
57.033835210
114.086625620
64.136104230
18.061492730
77.883300680
107.272795810
23.327577730
180.092064000
68.239437760
16.673795860
113.387730510
73.257522260
145.853891810
281.708242460
62.081128960
73.136064640
109.848959080
284.824507990
74.565796700
21.750733150
21.586116300
19.806262260
31.565376960
75.899562490
67.751932420
162.626398570
106.831205650
72.129148140
66.146486580
91.509906920
163.251315910
93.293362140
20.810813020
109.723154600
98.864733380
102.663950510
94.584306670
65.021479740
59.711557920
101.312995130
79.835230530
22.079933460
91.069937110
13.057306020
79.670187860
71.036247410
67.195720430
97.389235130
60.985048810
73.792761260
188.982380980
250.247627400
282.191227110
266.363236850
95.517170440
20.255359410
69.404511560
237.477151270
67.859632030
87.079688860
89.957482510
83.403744970
104.342878340
99.341413440
90.577353590
97.074278820
105.264795390
112.744120830
90.183429580
132.130886920
87.093291760
80.896877940
17.873161530
237.368781160
131.977144250
253.869423570
63.971059460
125.176713520
67.529295030
56.920025930
59.791503640
124.267027550
71.375232720
338.181306990
71.739484360
85.742150560
72.086710010
301.094798170
66.017883580
203.812536820
71.598489810
85.887916990
71.676368100
63.628596940
66.986296470
88.713928850
72.516936160
70.349167120
165.237010000
75.617091640
82.580379660
77.157196580
79.306998530
106.438030980
70.128940100
310.989291100
16.198421440
22.330874200
14.738473260
86.638207570
63.811305720
67.164997290
76.117320290
57.698361600
65.305460140
69.136518740
57.114302530
68.926007760
81.866524540
60.868973920
61.827099330
57.509444930
62.151881040
67.090204960
59.966213500
251.596812250
157.724202110
61.235946630
186.525696910
60.837893150
102.050596930
462.392805320
21.923069960
75.282547360
145.807542460
59.729159600
16.766107390
22.003171580
50.297246080
20.730249990
97.162405260
12.874207990
62.748034590
22.074849180
459.287605070
65.782703110
18.440234190
317.710347540
240.038141880
17.876223940
26.122102030
71.209887720
71.541222300
69.674483340
146.527698480
173.627943070
92.877801340
94.409216320
438.169085890
112.699375310
63.239024900
70.928045540
89.854285930
73.691347520
72.883919350
77.003497730
65.036362850
62.961197290
90.879879460
12.576821290
71.081955410
66.055549280
112.663152380
92.535865060
74.986669420
102.358192960
81.209013710
59.624297980
60.545506650
72.910236260
82.167976970
103.463975300
68.065953630
65.159310290
16.756213500
82.071450920
68.831287300
69.679102540
449.021029270
58.331198370
67.389738900
62.472215090
91.477420150
11.881832270
290.528573320
65.336146440
61.960449790
96.787531240
73.559314040
67.415703340
84.732849400
73.842238390
72.838964650
69.583717370
67.947108320
66.574589490
120.457949200
66.021926940
65.488010670
411.919546830
83.284088180
302.407621670
24.271669020
91.456485890
78.031025610
70.749569330
15.045870860
22.640044040
91.442165060
322.457411010
188.878076590
225.317217100
45.751417270
57.852086630
60.731795230
93.238215500
86.938784370
105.227607980
156.513466070
47.938296310
350.073222740
82.713766340
73.158487220
14.176084070
82.439714880
200.689129590
23.992089200
66.870016220
66.145292780
24.668808800
75.672547420
83.089072730
61.066802890
81.694134850
16.948513010
20.394177860
21.356012360
27.324658070
23.369503790
14.867817320
25.567887810
90.549875370
76.758039770
40.008956470
45.151446690
71.799125270
67.657553960
60.417516080
22.774531430
298.730200110
65.608181910
70.049097100
55.844062210
100.837747410
82.648367380
13.056644290
112.185941750
22.641515420
26.297809010
472.897208730
24.560971470
455.268178300
18.151974660
125.819237290
21.171616860
21.103767180
77.149675650
22.210275940
287.390269370
18.082103650
19.753273320
77.127273270
77.449077610
65.264173920
310.614528970
23.173382500
15.407118020
241.318157040
73.691491960
14.266450380
81.133178370
21.891060140
16.369325410
14.516105880
76.549231560
19.933295710
17.030373190
18.836174690
18.500932420
62.242865340
87.503311690
16.019003460
131.519194090
79.584998200
83.662181240
73.420579680
62.427777790
64.786029750
73.033633170
75.615950570
68.523991040
70.372631290
62.227895090
71.834766490
63.915916630
85.488401470
59.515656310
89.784630710
68.620126980
73.653522290
65.939697460
77.080233530
290.988756970
65.868062870
15.712512490
14.651639090
299.553093640
103.825226020
131.001992590
58.783000960
66.882717910
17.343833160
22.793611760
64.552973080
23.164116990
64.271314510
55.098760770
67.305720350
77.015517520
21.978268440
75.434651530
156.571805030
64.810377180
89.223157950
81.937116280
82.276178050
69.969094960
64.730886330
84.054816190
93.285071560
95.482308750
88.966175410
87.644385350
113.487231090
95.969013710
79.712866960
302.713410920
78.058008450
75.737099350
81.656133080
62.721515250
69.092545370
70.435033230
66.221235300
62.079639240
97.475317700
66.848295050
213.932382480
103.193980270
74.367339910
77.501144340
84.013588330
88.436079900
88.105441640
66.437781960
63.899851720
92.089466780
73.728107300
80.236786080
85.277011440
75.665109390
74.012412910
82.291925780
119.817402450
69.359315190
72.608903310
68.195898750
71.853250670
99.021197310
87.663753850
66.675708530
69.255262120
70.963485440
66.518756320
98.283004090
167.946009210
75.351353780
78.289684560
73.552925890
73.899852390
92.143923440
73.129675490
69.616821830
73.813807500
66.295688560
66.219603360
66.089793120
71.302466700
94.957180520
84.287012930
78.340567760
54.831681320
94.048242940
70.958447550
85.237925490
75.391132970
81.796492170
81.621891020
99.104825190
88.212732990
87.625616380
122.337619200
87.262427990
98.540877270
68.988340920
83.149384990
73.751339700
83.676504020
81.484604380
62.146408490
101.717404380
68.398568680
64.024267940
72.730958360
75.301241800
62.589256450
242.385150840
60.199594900
71.864875800
67.664820320
60.495272990
79.192101850
67.445990230
73.554368160
85.833171600
67.497916740
74.808588610
85.733359030
16.432240060
123.164184860
63.337578880
109.984318720
71.016942800
68.981684410
73.182351150
308.544736880
204.754211960
35.371689140
18.012575590
17.130659940
15.052195050
18.373736500
22.661455020
16.871584090
18.188554980
15.521987570
110.147786160
15.827735640
21.459457040
14.290712690
20.346615440
19.586685440
22.020166620
108.100447850
21.525706620
15.773537000
72.555384090
14.557247950
16.027720080
19.047753180
16.340011610
122.891314020
24.422103260
21.093747610
23.033766300
16.522982660
18.964062090
69.443266550
69.649222160
21.076475220
81.525109770
19.534835410
16.638154430
15.496919270
23.547107750
19.257441750
15.030452690
16.813296130
14.261353150
20.048149410
26.240409840
22.170714580
160.658289410
20.941313590
20.347729560
20.631364240
15.644066160
99.873804120
15.757885860
16.325406330
20.030792330
14.571563090
70.921549320
20.950555880
81.715060310
75.703230730
19.356113240
69.655740490
15.028173510
80.888811090
25.165984580
17.684982730
17.839942380
16.711777030
18.708360690
18.857997670
70.704074760
19.356925050
16.844250560
18.027435600
18.060212310
34.424060360
61.242769140
75.551535090
67.407495900
52.558089800
16.015358490
70.644150560
19.859043450
21.500893000
18.872064170
24.477136930
