*Vertices 2237
163.115122240
489.844633120
101.671766040
80.622691290
244.816521580
271.823193170
729.115827410
249.101825400
332.243708040
98.954982790
293.433562040
992.202378410
545.741815140
387.886023210
968.119806670
246.489305410
48.151655900
129.644400910
37.603136370
110.681588950
246.831423350
276.095513120
285.177350650
115.525409220
213.256820890
195.457175350
158.171373320
188.766644400
694.865369670
57.412936530
94.147291690
86.033200970
78.355395350
93.162636140
33.640552870
305.264424830
509.363318490
223.462364960
219.711651820
898.608174180
288.026693150
306.691726480
231.083770580
500.197639100
801.150163100
146.299863300
135.136966870
138.675015170
131.752725470
218.962828600
638.242359300
300.893746550
598.603576430
1023.360178430
378.187929920
256.235882640
468.962971890
389.094456850
806.229512880
158.067820180
146.867896630
526.300628130
134.237385110
302.107627970
285.988179160
99.100401370
103.224040060
156.803259080
184.993871680
295.663157720
85.939338440
150.598497870
357.165954890
377.922816630
356.075377830
138.393350990
490.959444530
774.143091820
109.484023760
131.373571160
175.099219340
22.789297160
309.689743840
225.506633210
224.593502580
109.294887370
193.100116680
128.414480450
173.036183690
177.654211210
106.607167490
261.732719310
173.810224420
288.227744860
392.415311590
135.238976840
69.723268570
94.079798640
265.361476300
519.801273030
264.582851560
800.798267050
247.184694570
666.587849870
142.267640300
809.025854270
675.692696640
147.773259530
546.627145080
180.638124620
219.444484840
130.245921340
509.234294590
233.981761520
186.516419300
222.108289760
104.510086550
144.381723630
218.198996660
160.467066880
329.378381500
231.646957480
142.517758340
140.138711380
178.086821440
521.866750710
196.103798130
186.769162540
247.845218780
367.775659720
177.117549620
381.337101370
211.484771150
267.266544800
286.952234560
777.460798950
27.523879960
196.309198570
770.254680700
395.330810020
362.973325240
772.011368070
858.435893780
242.298390710
268.332410970
218.501322210
178.513759960
356.184046240
604.307297550
133.307903400
412.403837310
289.206443900
52.128840350
798.451231650
332.941417360
416.591952280
129.570242040
451.560306250
234.921467490
785.409570600
455.328894400
380.385977260
243.360680440
238.711674540
181.470260600
754.757754390
150.820680250
42.637232210
99.730669370
212.843790120
65.179064910
63.741668550
96.286418110
67.097952410
98.610685710
206.669783510
92.448238960
121.438074420
128.033274570
97.486047150
63.170730760
105.001414230
207.736015430
96.278569370
691.146556960
590.074756070
356.434528110
110.018161420
438.713414990
150.027448660
868.996946610
142.393771820
318.553496640
195.505141160
125.351972000
87.295843370
120.826953650
152.136606950
170.009227510
108.582851290
168.735573490
529.854072020
357.578424300
425.664962400
214.183105790
116.638558190
313.683108570
117.574780480
238.855462180
235.595349930
189.284088120
213.814184850
808.318197120
104.547147060
147.665650650
406.381464310
155.459923070
810.324537460
284.678038130
215.782808140
177.708309070
98.385108010
91.707832890
231.278841100
114.565508290
142.244508700
180.344422960
105.779466310
107.097625410
205.310547150
184.796245580
511.017256670
177.135042750
236.052966370
443.235494370
271.605427290
239.103081030
577.704619130
817.221597130
18.988177310
163.506545660
181.218842780
804.485429530
1369.639292770
204.089959380
165.342208560
230.656661310
147.489754390
212.387849490
127.781331950
365.656846640
296.539661650
242.933878460
111.227305560
276.202876170
201.027641860
135.089227460
72.013489270
236.554170310
348.787162320
637.968780940
146.219058760
515.147817800
248.733911950
110.656589430
362.833580700
245.885955400
361.527040170
299.480148160
736.996377120
452.530826510
863.313853550
141.083322960
341.172234850
112.691195910
122.665247140
867.274717750
259.202415380
200.045489420
742.587470980
244.841763550
569.772650120
626.579872320
138.921888580
136.757264300
926.181332140
679.607951540
315.709569070
207.812228040
154.805088380
216.570055520
114.524522770
209.065631430
152.447553620
173.333917510
147.902024060
1119.828178970
60.117091350
150.131219310
60.075246670
788.679528080
98.799534240
61.868572310
78.304468400
234.646561630
147.142849760
171.078490160
339.798492500
453.808145500
338.897802470
241.230075550
242.179865500
370.545875280
272.076859360
351.689039060
99.841572550
949.690408740
267.609671570
633.437680320
335.697233760
322.196790870
280.296262950
161.610106620
206.617617870
431.023949040
517.583031570
253.077802770
116.029538110
386.577592890
221.507622170
19.817357290
287.064050950
162.413253500
207.101675430
206.831485090
525.983330170
149.126515070
127.015158990
116.592613410
186.202805870
453.438620990
220.734939270
231.867200110
101.381835930
140.780498810
251.112026190
128.993763460
240.759556510
166.083121360
164.680154530
419.054976480
915.646748470
178.287222100
216.694821050
115.275887880
279.567429470
430.849792920
790.849622270
310.111181990
258.902439270
168.745006240
137.051779260
128.329212180
163.136503820
926.504174800
118.635008350
343.748716020
113.126082480
714.715200240
188.746177730
136.203387590
186.313024710
37.560971600
49.684136190
232.719896250
250.487086840
169.721585120
106.956166510
248.254223840
541.849564940
807.011390610
519.998016670
213.107801630
113.123941490
135.044530570
90.083662480
13.194834280
141.410952380
14.234799840
130.590744370
212.584227890
135.255064760
153.455477180
227.515519070
511.682149030
99.864917950
189.733765910
786.478991460
106.812560720
110.987612170
133.037762460
255.240975890
100.790329620
365.225374420
482.386285420
294.029785500
201.981237430
450.004307670
170.413713970
230.035044610
273.622510530
120.556977770
190.922523680
187.898244420
397.864307430
115.341161020
619.084680340
142.273095250
500.248718790
186.576951490
192.159842650
533.231257010
530.929752720
19.069992390
433.037594560
314.493333360
149.632695890
659.546828660
378.888905710
281.934959070
394.064713400
335.015545580
177.213584000
789.975169220
371.449106170
290.554814660
189.152820890
940.080202640
724.208932970
251.929333500
375.653488980
122.122191910
383.844100190
49.857796240
344.385296500
212.948919640
155.130482540
354.816627300
806.965742880
436.855163210
203.547635980
176.123752080
218.533896320
132.917198120
181.357964550
274.711023200
290.656310360
174.593438960
235.118910250
191.417231780
28.778546390
162.382781770
876.238738410
765.037666040
122.799232720
401.768644970
326.730813160
163.342164780
242.155216850
274.758799150
552.592763220
27.221788040
446.816709780
120.469099890
114.991530350
133.402661150
127.111145350
160.647295370
20.654135900
206.934247660
75.459402680
409.358663220
1170.954647040
512.820216980
248.993338410
22.301478210
148.281684690
257.668888590
120.228742850
27.524833790
288.869984810
73.128047350
21.437655440
144.419679220
162.786250900
202.845391260
174.662369790
420.025148940
376.861544140
92.348540370
105.137802710
808.784062860
140.698623110
852.797255380
784.199353840
228.511814970
548.862412900
214.813496070
175.077757680
290.313166530
536.919460440
16.139399880
182.189062440
382.655918040
17.173912160
186.962534590
91.004068260
141.315960300
229.356850580
446.362305720
110.476378610
168.883246100
180.830935220
65.919462090
195.720335870
337.675259500
616.816460770
432.589564360
87.006986760
252.476707850
90.936652050
234.223448990
214.665680190
238.692348290
14.578558840
17.402058280
664.981677460
85.112708100
219.657262010
134.012647160
673.415313070
160.357467350
185.489869270
174.658918220
111.859584150
238.008079880
29.549131210
173.018034250
59.299859710
492.334836470
228.207913050
166.132206050
205.078104950
225.586166910
173.776684140
301.288307620
236.455524140
591.288343380
198.866367850
479.901564700
224.984884700
167.080226470
94.648580370
71.273026060
252.611620200
197.940702740
234.803506200
91.820880390
101.164193380
279.018190910
635.235846550
30.208431320
163.852530700
191.683330640
250.584748880
329.410249000
200.187166740
170.447797070
128.956689170
145.885313680
113.339200070
186.866524800
121.836293600
477.136681200
339.188044630
112.137905680
205.269098140
180.199769150
127.533052150
226.083835210
130.523548380
333.764103460
268.084415990
72.271075400
28.167381740
45.644304890
26.675060570
192.136522500
36.097269530
20.150119500
21.139997680
18.978404970
98.883319850
46.436279300
51.489638950
35.196508140
474.830524040
254.724274080
201.031726380
169.458008130
187.947033870
32.708947380
104.606364680
97.530287470
206.135815150
25.764718900
168.567554020
123.864148950
544.781529570
45.702233430
811.843111060
89.078362910
248.114279660
709.857723010
116.777730590
129.245583290
1234.645272850
102.656291180
101.553605760
197.119669450
91.697686090
368.473541470
91.933346430
26.490450140
110.459566990
49.837771320
256.416977510
161.658219790
17.231657340
114.078958940
148.113233220
130.657656380
195.968331410
826.770260800
213.337186320
193.347658600
135.669164850
145.078491510
149.177774480
308.091809660
164.146907550
177.836972160
275.474313110
402.203426100
732.261133030
162.164216360
966.807210970
198.657025530
179.273204490
150.566004210
163.014053660
157.255107210
555.717091270
582.820097060
171.463944560
777.274939260
133.452868540
153.542322150
28.147256240
104.523891460
130.418441210
19.979827670
128.398570480
179.224980180
25.465825360
117.847250450
710.474639490
173.436225510
438.390658130
165.937918980
144.549272220
126.283440750
852.953795730
549.883996930
789.249335100
196.225663620
186.768380510
902.070931030
127.447673600
87.678301120
50.140629800
259.040170830
114.896713040
754.233630640
168.063205990
527.575403870
210.489904940
203.245384750
110.481937210
28.616592760
337.208845220
281.932893380
16.042491910
133.692903800
150.541770350
97.762461410
650.035406990
122.490793530
250.666652560
19.684972650
246.595512760
930.056892850
134.750948800
27.034495640
65.333271030
201.331594910
191.162427450
155.017803230
20.225556430
305.286887430
25.783716120
480.340639920
110.392275520
115.805713230
181.243479720
21.710577140
219.676924920
645.809147490
222.776838460
200.391231250
295.232387480
415.429080320
195.712889160
172.905932990
174.216088430
114.045714430
48.050184260
175.042354870
421.435487560
177.914179700
143.617010080
130.501059620
104.356839490
199.391143890
15.173539660
153.177152750
165.844404530
757.049669880
85.590908190
89.932000010
201.904406730
144.085097530
121.974249310
138.441032420
896.183829380
1054.937597140
590.317716660
194.563800150
137.613414200
321.910212920
780.510576540
114.820497660
128.156910620
516.852226900
50.821098210
33.683078440
264.022113670
35.635448650
252.943961390
333.078722890
233.702569280
910.489630230
117.308254520
221.215809100
110.672113020
131.967966780
113.133899380
149.638717050
490.608879830
506.582552150
361.256256170
278.919916390
437.569559030
90.117580710
252.123055830
159.732382690
364.596253550
106.840952780
117.803268200
126.438781250
144.648604200
131.283769240
173.787770660
128.255542220
627.308336770
210.840757360
30.037812900
807.856407080
22.356613950
127.487208690
158.942525970
242.906976700
159.822265970
102.411250160
771.328331390
118.805185690
330.982452020
125.032798250
157.791653630
376.919551880
156.562463750
421.713186860
792.697586270
184.679898570
268.809178170
118.157593900
141.163025940
103.122539520
106.267111340
226.399163310
124.289128160
120.617856810
120.576774390
190.991924740
251.894965870
143.102584440
17.979412930
585.639054920
122.776679800
119.835001050
20.772527950
135.282690020
264.498752440
133.087846750
435.249397440
494.428724920
23.512797450
126.651682390
151.577180980
142.526421560
48.706437530
139.918033910
145.957112820
169.873004310
109.294057840
354.282601290
82.063108900
155.526455860
937.668815040
171.343867100
160.700384770
23.654090160
377.962830010
179.484543910
35.019819490
981.296236120
119.961069510
165.461432830
126.411770800
173.050988530
144.899957090
207.241645920
558.817016480
190.465715510
129.265142660
773.600243900
302.888673050
522.699112920
135.529168830
93.181199340
149.036084100
491.023991390
218.129302120
1117.942067860
17.105286820
186.193505960
140.914752510
161.645246420
745.073101740
718.547389210
122.046570070
823.909198100
106.984262150
557.525418180
171.154201970
221.612448150
19.199326550
89.491152510
779.668013290
17.072793740
17.700878480
460.710161110
193.570200780
136.507163690
217.529951830
35.378173350
926.850174560
189.893264630
106.728861190
115.223172410
979.910964500
501.269611920
683.762720150
107.636926570
172.610096950
151.516803680
101.104831060
110.956463240
22.629836190
152.583087390
163.715882680
200.293349590
147.572959430
264.391822560
204.242047320
243.589606850
337.290271410
147.692442600
94.691855000
132.182037050
319.359303030
15.517422230
746.807385220
113.103265580
145.987452230
159.917468100
98.244427630
122.322716540
17.028646480
736.285032460
120.938574250
204.679710750
238.988233770
230.421465080
259.596921810
120.653407540
401.324288490
221.919148830
123.391148050
249.480647740
805.219343340
153.207615350
78.467642170
764.103081240
95.879320170
86.347323430
269.079148080
578.811405240
233.786808520
822.221701430
145.727635830
189.722134120
289.929770560
776.856140970
807.221521860
798.669709580
523.770084470
252.863458480
304.918144370
280.276549660
452.411227860
422.067195600
213.358892490
771.905837880
175.095540920
317.181426030
113.903752580
186.076016700
379.677436640
97.399794600
802.199393200
645.466839540
235.058074330
298.158865990
778.406458780
362.111306800
199.146842380
210.216008410
733.263375010
177.038580360
292.992548530
452.232118230
370.959140600
408.294405310
320.507801250
663.748368660
109.029044050
549.983360920
132.372532730
143.660531600
55.789301980
86.403601210
26.845540760
180.882920530
183.015363000
116.058562230
115.922699180
142.658417740
732.119206400
563.236122370
659.640067330
665.356404670
513.991578140
305.446022890
597.183296430
30.064759620
77.999199890
177.766457850
803.905541580
376.298665580
34.787876070
279.502186960
142.820406590
783.600406510
169.082374650
144.287217390
103.257866650
395.585506710
91.426034480
15.833032560
442.861912980
797.313514610
26.137290220
779.172990800
255.667568280
21.474835990
105.219323400
1086.696632880
387.976008280
970.435238180
642.753047920
749.538846620
764.077991500
864.461782010
546.378964770
783.392019380
808.354527310
256.654420770
790.598021310
788.331014900
336.756473590
82.051011200
506.572681060
110.425506610
126.115944740
130.226190340
173.435076090
222.935299210
194.353903440
57.496547240
542.126809550
338.868637730
785.010722890
127.031724910
215.995453150
264.163612070
418.056587000
487.432486440
131.744760990
165.642513450
132.145128080
485.675289290
254.094070490
919.672760010
493.195408120
400.636845070
559.082858980
1007.822705660
130.741131010
111.303214570
474.297465490
110.536140670
19.321004680
21.939589580
269.633159610
104.237806780
20.500583820
20.485717100
24.677145030
105.856543900
84.306970410
31.577802430
28.811751640
219.160444410
136.508121640
20.853883780
265.714313450
216.458392190
768.833067300
201.944538630
422.588289700
797.725185630
139.323070670
343.922083540
295.467441140
23.297587820
148.421330080
765.963849100
133.840020080
348.370522590
178.248226060
343.576683430
129.028183490
45.999756960
92.792655830
266.692118770
697.391144600
155.366234630
240.734190180
104.546873290
109.320352710
103.877255320
254.959117940
287.565162320
15.827485330
435.531766450
128.623170650
732.206355100
18.012070580
20.440260030
90.851058780
248.562209990
110.678904860
98.063944810
400.807658000
211.284202560
685.340410060
663.063897620
115.867668550
849.019744960
25.890504200
104.628502140
46.975474020
777.612211330
361.269090220
120.809520080
254.139075220
261.816958140
144.337197780
25.583642900
215.853553760
335.122443120
196.543510520
179.036162350
169.884411230
811.808152550
182.783391710
90.112852610
116.840010950
31.765481400
55.202823000
98.536411760
139.792072200
102.300259820
112.478185430
14.098011220
261.091343820
546.887054380
20.382001800
208.061997390
116.471021760
101.448605320
605.100334920
170.731504500
811.026839630
298.495751630
21.918408600
214.748301720
218.086888000
17.736580970
725.064229970
845.404292370
28.135165190
162.200994230
39.787973410
96.770289380
891.328695420
148.384204360
26.475117380
109.931716400
737.539613590
928.902694610
30.949378020
143.377379510
121.232956320
137.810446250
864.406795190
162.340624320
989.463663820
16.430572960
295.316280380
804.921412610
223.161266050
223.870399140
177.931906530
71.823763810
17.344815370
297.720881890
571.333016940
117.692298260
80.417059520
892.055119500
335.979481440
396.991816460
23.983233240
130.555632300
187.258489740
178.696025300
638.513434720
109.190378700
123.456764890
106.104092410
22.141345210
19.395821740
110.800703840
39.831680750
129.688531860
36.350085490
28.824735400
95.465530920
364.429954800
27.417795960
266.871102090
50.379227420
23.673625010
458.074204770
23.156269450
122.653630760
771.854196860
266.081682280
295.304084850
160.763341130
81.295078920
85.132238710
132.098053320
108.329521480
92.814422740
177.191071600
160.299159690
116.877463100
320.858106050
23.686596120
530.753034260
91.975111920
104.093174690
109.020637870
95.845954230
746.322451310
462.800388440
706.269541070
218.163398970
171.978752770
740.196703880
648.074384580
125.278485890
21.157047960
123.469282160
18.909068600
114.057862040
102.343679080
83.768802420
126.144032250
347.000445390
619.297291880
885.274818620
789.215000970
96.704911940
736.310291530
100.342221520
103.980700890
168.276443490
321.447906300
201.934511880
663.017597720
24.717290200
124.799992280
239.589328910
21.379857010
17.815514020
268.057544630
93.595591840
14.768192590
197.220880460
108.378746570
111.504202980
1019.044943720
114.294482290
21.229598430
22.150074410
132.356640920
102.610219480
16.792120180
31.574241020
594.922123660
208.592869620
80.837961820
26.695882060
99.978937750
24.107413600
195.600064370
185.832831690
103.120390160
130.960196460
222.274502430
120.632488990
74.736069140
26.230360540
166.433686990
356.583183620
234.493913270
119.946557870
79.300874040
110.068750240
170.133359230
225.748451110
195.956701810
153.364080880
278.660133690
109.068444820
118.941459800
139.011519760
222.693259900
182.691114550
163.535189040
175.719943070
147.500888660
105.943617640
245.323962580
392.675182760
156.104667750
763.995986840
39.591717320
450.023810900
371.018854630
150.864286460
122.418227560
130.509423920
105.565818910
150.564024050
78.906219620
203.237132400
144.151046660
160.234969450
168.575369640
348.958687590
202.313471890
367.268879740
227.185937770
267.520320830
30.229911160
110.882683510
189.256710000
826.894255780
945.904114830
30.279115420
28.324241080
153.655570540
22.158760550
263.574020450
238.285201240
274.905041530
121.872529560
22.788726410
92.874344470
145.207491270
637.773774190
712.023915380
887.772347710
89.466047320
41.075195770
20.584387770
19.319609080
440.653188950
90.973296990
102.186899490
135.145222500
110.758341160
29.452136250
102.805766100
325.231886790
80.973401570
77.521835060
143.334449200
85.282759520
778.189805800
436.683427530
400.759010550
107.168865690
113.644850550
136.657055110
145.875381860
86.980461940
91.238835130
102.128825310
819.853604810
154.179203110
101.833679110
104.058972580
108.880356980
273.612499630
103.275738340
89.674892430
109.994089390
102.682514160
98.519844100
98.406176590
110.776368950
193.111747880
29.808923010
265.479321220
805.374915970
825.687549840
495.835884720
945.329439690
276.314236120
919.461917290
110.284087230
149.611735030
357.747053890
713.413144690
23.938667170
353.672261990
26.759112620
201.891315170
126.133852140
370.606759040
18.456554370
306.806709870
186.133572840
727.517856670
381.117935310
321.532619380
323.158444730
761.106902320
951.111973880
130.753741460
113.357498840
93.191825290
32.590935930
501.007110690
494.133763040
119.398092920
136.935335740
122.595405740
179.453059660
110.549281620
19.666693490
14.915018850
87.100486810
228.573713360
133.125404950
848.483430930
839.512849620
277.097680640
1008.618089950
760.339468240
933.948930620
124.836557320
177.247519500
314.911170450
99.417668200
949.892159440
101.145599030
433.920858120
773.108935120
147.365619630
68.289688850
26.079514310
111.635276470
168.163987210
825.562849150
897.621779170
23.301202390
175.341493850
433.547526210
24.693068450
258.102412830
27.230136810
84.193290500
260.609685870
15.331368380
16.456901300
23.323318280
517.480052570
46.787075220
99.755693030
31.575888670
155.242667760
183.037322180
18.851062170
450.005799940
20.640303290
101.851747060
155.095909860
19.683058400
24.575197310
105.770758450
250.153543770
24.887724440
747.163546340
104.785135260
90.494630950
173.248402370
29.397333310
94.761216900
23.914753130
979.596586500
27.696194930
637.955524290
91.261983980
104.470946880
95.169144040
28.088352890
22.287735940
18.940601380
121.678777620
112.622986390
34.227181500
17.464866850
142.259464560
686.509620390
246.850363930
390.096122550
108.498024380
18.350135450
466.572946190
565.746973110
781.627216200
106.794434210
86.796775160
152.677563870
94.572937390
135.110256680
769.156504260
343.023704140
754.204272650
909.368667380
638.305884510
304.972416980
348.081880440
779.159278240
340.824088980
811.372878160
146.117878630
128.848708710
169.341929780
102.832063430
155.651726140
182.708672710
82.412495640
284.879217120
87.089366930
129.773455950
91.532092070
188.023503700
673.073497380
779.608984370
100.473359650
786.535870950
778.615230840
710.525686380
658.168646500
112.247199330
96.394600770
800.310232550
151.903653560
155.607381300
76.575957120
785.963272890
312.163862430
869.625238880
951.094593090
90.449257780
752.957184750
245.454461290
157.964186720
379.773930540
87.431013860
329.582978870
85.677264180
91.973565690
113.663545800
211.932448100
148.645213680
907.366968700
99.093852070
214.051217420
88.601889640
91.453075580
77.988480230
83.533187700
134.020440010
101.420912500
137.959308240
80.638730580
96.789797680
113.396547920
93.096879560
84.836036040
154.237124040
91.402379950
112.063533170
96.026618060
118.022649530
79.928740430
96.294587670
108.536833290
201.860174150
860.904708800
203.848860890
237.255187920
197.703835240
20.530874550
24.043360580
795.822806220
879.679953800
19.939247050
681.068761220
972.673626280
117.237594280
274.626499040
51.716145940
953.016925100
31.027113020
896.558614920
167.988798780
585.929377610
108.858274950
689.611553580
145.127592000
596.577372720
19.932250500
184.127641590
262.080902920
25.871513470
24.640277240
202.221880960
24.326414560
131.227074060
260.497779620
293.514397890
228.874652260
108.168383840
108.689928500
28.001995410
32.582424600
126.113311780
470.278422730
173.362571440
180.788395920
94.226349100
138.534781290
904.405557080
101.146452480
198.495894850
26.863794800
114.997678560
471.247976720
103.019080580
284.038855950
158.130067520
19.585730970
24.567143710
233.485197990
860.069733010
120.772592080
24.729071160
40.388922610
222.628146350
119.121017910
173.505806740
248.675091260
152.552632810
98.434036910
96.356001270
111.615126900
819.036354350
1019.087764200
13.936050780
30.908882280
106.790379830
138.610774940
101.608664170
196.510515230
138.560957620
206.434882410
21.036648690
18.700511820
53.263525510
495.165958130
17.822476060
124.500271020
20.879665710
101.007811070
783.936739450
81.216658510
197.978388420
139.049239490
26.530142020
153.179949760
184.546109080
25.823310070
262.330496840
84.076619180
16.673795860
147.045136280
147.595233730
214.020079100
403.935126450
108.285173860
147.123656220
190.576175040
362.068943610
91.804987030
21.750733150
25.083021260
19.806262260
36.750154660
104.317761840
91.260557660
233.777170190
186.974166370
120.728990540
80.136430450
112.288555370
233.383422100
114.350676880
21.427582120
136.424316690
122.409924100
137.257323090
118.468586190
85.882323700
124.854392250
126.619916320
150.365736970
22.079933460
151.881792080
33.550566760
101.744009580
93.442311770
87.077403440
149.792774220
96.385297720
146.388800560
258.004286540
325.762744120
362.741338400
341.310937920
171.571817220
26.243969040
104.582958440
304.856627880
82.324662850
107.886611450
131.815564540
126.838800270
127.939463960
125.040042150
111.578522660
120.641895830
199.613814030
137.515113580
117.818897520
158.674394210
108.004303000
156.905334170
17.873161530
317.856033450
215.420125600
331.304144270
119.670506900
198.520163380
109.341706070
93.191357290
128.078586870
206.016139450
132.402355020
570.133230890
88.358008160
103.916534480
88.575413470
410.616343980
87.392565500
286.824451870
97.571953420
105.786215590
87.504347520
115.275738650
126.561499090
110.634954660
88.579694010
94.664366690
231.121773720
95.282498570
155.968997800
95.193364740
100.479474260
185.853995430
85.996774320
450.316336320
24.059176660
25.323503200
14.738473260
109.295642570
114.101792050
122.609043130
100.787617050
107.201179890
108.958719990
124.506233390
115.295667610
84.444331050
98.474208380
101.144286080
128.776372610
124.961693240
93.123770690
107.865809570
111.327517560
318.454341410
270.536542820
75.186276290
261.956967710
113.398792950
124.325692090
777.239008240
21.923069960
150.656431690
220.818272190
84.371893920
16.766107390
32.105816190
66.967147020
21.313985340
171.519561600
17.635847460
92.203574740
22.074849180
776.234190720
124.679053010
20.460419480
451.696235250
318.940461100
17.876223940
26.845193930
90.751213820
88.174879670
85.694757760
215.347125420
247.828091300
179.859554290
115.449599640
773.764601380
213.704030230
76.388876530
107.786791160
163.140617720
90.501905510
108.465773000
121.600361630
104.165604950
110.184811330
161.358632790
25.135945020
101.901789610
118.330308560
179.929828580
171.046798060
148.873322590
177.072048660
108.647144850
94.405567660
109.165187900
103.675250770
99.856341450
175.761009710
94.369378840
119.213811910
23.560958460
110.549946990
122.336321280
88.909628520
830.674873380
125.314894470
113.187972960
92.968073080
163.252236020
127.696808700
531.544437410
114.910510350
111.499707150
118.899903730
121.078793820
103.346712930
108.128754010
108.556862070
88.107378000
120.196271290
83.515822200
87.081325390
147.380734270
82.406037090
130.386855620
743.556782590
103.028903670
609.743168280
26.365530290
172.930580940
162.500420590
134.202547500
15.045870860
22.640044040
166.760670440
578.087505300
273.831332230
306.566437910
67.608585130
86.098263180
87.530213760
164.969962870
109.475311800
138.712369020
230.299251910
70.424231610
731.075916100
158.490676370
155.822143280
29.228095370
101.534505430
272.855858120
50.784557970
135.861287080
128.164911740
25.363300250
94.319361940
118.414256100
120.040755610
163.789893120
26.108768460
20.394177860
21.939905120
36.966627820
31.120773020
14.867817320
45.996926300
128.666918990
100.495187060
56.554186680
60.149735740
111.059363940
128.088083420
92.512899440
25.869058920
380.021209590
121.189852590
88.869743420
70.072195810
178.681825180
158.739265720
137.583778660
181.604607050
26.975749040
26.297809010
800.256184350
26.602895170
781.801896770
18.151974660
201.176122710
21.171616860
44.896467850
96.137835100
27.592344400
464.802020690
18.082103650
19.753273320
156.540980150
115.377766740
112.015177460
535.499324990
33.307277910
22.496772300
315.625838090
131.335838040
14.266450380
168.654738420
24.949665120
16.369325410
27.329123880
93.909602970
19.933295710
17.030373190
18.836174690
18.500932420
94.935583620
155.997306360
16.019003460
200.987948840
96.766046580
104.606624510
92.440440940
98.750065790
79.679201000
100.116222200
99.402076900
108.005693010
125.918421850
76.657928960
104.428254150
124.811958660
104.381162110
74.749671220
109.735277120
86.806505120
90.940019380
80.607594010
97.679943410
399.146953480
84.749903300
15.712512490
22.540183850
418.524120470
146.851078590
208.269825880
77.504782380
83.878245080
23.021750600
34.235169590
140.683951930
27.534087850
80.098913240
69.787464760
126.229983800
158.122400550
23.814514190
155.277677940
230.188710890
78.856229340
109.479853690
101.436867970
100.643822490
86.454488510
83.627850190
108.126671340
116.724256410
116.269469720
108.413145980
111.141859800
140.495593450
120.421911000
97.316738310
395.437826540
95.851663530
126.148127190
101.565113460
110.812024550
85.754757490
86.730705500
81.965043120
79.200144720
120.419602990
81.866569570
290.834776380
126.055503560
90.601574120
97.819824240
102.974582440
112.706973610
109.983827640
95.482683200
112.988854690
115.097006010
93.167340660
99.439520740
162.321951540
100.232627380
92.626375600
101.332312740
149.539713440
84.540566890
90.867844060
85.464394240
102.433852770
122.129532710
108.690695770
87.967091280
84.371013550
91.049944230
101.904331350
166.729725300
239.464491940
93.424397790
98.218627340
93.083566090
130.748678000
113.050624200
91.717399890
88.493550090
91.217348340
109.446278910
84.687920970
81.554659380
96.639442160
117.258022760
104.908260010
97.991238790
68.517434570
117.612751420
87.020356040
103.733407130
92.450843550
100.392535400
102.286173910
121.732532890
106.884248040
119.861442730
150.529515000
109.337818720
121.101202320
118.048650350
101.268075000
92.855285490
104.851168290
99.307783060
76.630503810
124.905252530
88.135996560
81.022690510
90.721898360
92.943548290
95.026931580
310.264223650
73.982853880
107.139852310
83.058327620
76.366253550
98.462483730
85.497048840
95.717548110
105.161383410
83.932053590
120.895465430
107.351957450
22.053888060
204.982201810
90.807410170
191.587753470
89.112111110
129.390353720
89.254280820
459.372714020
274.899933380
49.225362820
18.012575590
17.130659940
39.690244420
25.299598790
28.144445070
17.345184690
18.188554980
26.345950080
145.105223850
15.827735640
34.400011260
24.692942160
20.346615440
20.666824540
22.020166620
136.070281440
21.525706620
15.773537000
94.883483320
36.339883230
19.479583260
28.434688810
16.340011610
193.840148800
25.102091860
21.667606170
26.218418700
16.522982660
18.964062090
92.085183340
85.130083050
22.297586020
114.295301600
19.534835410
23.956485140
16.391091370
23.547107750
19.257441750
15.030452690
18.212347570
26.618470800
20.048149410
29.763700840
26.457658640
233.883516520
20.941313590
20.347729560
21.202121640
15.644066160
123.506888160
23.060009300
16.325406330
20.030792330
14.571563090
90.143481110
20.950555880
99.765786190
92.032938360
26.758612950
145.463423940
15.901815410
98.404289780
26.572577660
18.641975330
17.839942380
16.711777030
18.708360690
19.359644900
121.851270100
19.903153100
17.340761420
18.027435600
29.582334760
50.672935590
125.974957130
105.187967550
88.760011700
107.240533760
20.217798590
86.603217780
19.859043450
21.500893000
18.872064170
27.109338450
