*Vertices 2237
466
1218
278
201
589
644
1917
648
933
279
800
2233
1457
905
2235
667
107
359
91
273
671
722
751
274
436
449
455
523
1684
152
266
174
213
183
78
525
1074
399
349
1587
486
426
450
993
1937
375
278
354
196
653
1255
828
1529
2194
1012
754
1246
1073
1174
388
218
1241
330
580
645
230
285
442
423
816
205
389
560
983
829
349
1233
1915
318
357
421
51
722
318
625
279
486
241
353
423
238
651
475
825
850
399
199
248
523
1135
553
1975
734
1694
380
1921
1647
341
1431
433
382
268
1310
552
480
565
273
343
460
229
480
337
418
330
409
1041
485
516
725
819
308
916
538
364
712
1933
57
448
1896
1110
1068
1932
1928
402
772
539
352
521
965
395
1204
770
138
1907
899
995
327
1158
634
1902
1138
633
475
461
470
1831
273
114
228
504
117
134
186
143
210
511
205
244
212
169
106
174
400
178
1740
1546
984
167
1149
413
1892
405
926
476
303
233
216
383
333
277
364
1368
929
1054
500
274
719
232
482
440
480
589
1909
274
363
680
344
1922
703
605
450
212
245
638
219
398
452
259
181
214
224
1297
532
669
802
622
643
1586
1923
41
359
301
1912
1888
545
416
478
391
538
286
629
495
304
298
805
532
364
183
688
874
1658
406
811
424
279
822
624
859
745
1709
1168
1898
269
598
133
280
2091
669
332
1828
680
1374
1513
387
353
2191
1662
676
401
388
489
211
402
323
377
305
1580
141
368
130
1896
265
172
226
435
312
392
964
905
565
608
645
955
749
974
197
2236
807
1590
953
648
749
262
378
647
1344
632
269
690
477
45
767
466
447
255
1163
377
256
263
489
1209
614
513
264
201
663
363
383
394
299
814
1893
257
509
304
809
946
1954
843
572
294
362
326
428
2202
317
893
210
1504
326
344
433
48
111
475
363
263
230
644
1425
2066
779
458
210
311
207
29
419
31
203
478
315
354
376
946
257
519
1895
187
217
203
643
253
1010
1353
768
596
1156
235
386
592
297
528
543
1130
324
1585
379
920
495
342
1355
1437
38
1072
833
390
1715
1071
554
558
656
265
1832
646
585
447
2236
1904
724
1082
297
1134
135
914
379
364
489
1564
1205
547
382
477
205
312
548
805
465
649
535
45
320
1950
1908
276
1152
901
391
386
761
1379
45
938
214
213
260
326
434
52
535
114
1040
2236
1229
483
44
391
627
279
51
306
156
40
181
265
503
349
880
959
191
275
1926
355
1822
1911
614
1421
528
426
707
1317
47
492
1052
48
290
264
274
405
1181
267
421
440
144
340
756
1450
1171
234
380
268
455
385
280
29
32
1780
228
277
367
951
402
281
289
240
454
76
454
136
1150
446
236
542
473
402
834
617
1409
542
1226
439
336
174
191
710
314
442
221
210
783
1570
49
253
366
518
917
556
472
311
309
219
288
322
1167
707
233
513
469
196
270
391
837
793
206
68
139
70
567
82
39
43
47
248
120
133
81
1181
679
456
238
313
74
292
243
563
57
251
216
1467
78
1817
201
682
1815
270
275
1998
211
191
430
234
1005
174
57
297
101
663
455
37
260
204
261
261
1953
372
524
227
219
324
844
450
280
365
994
1758
248
2236
439
354
252
233
404
1438
1453
481
1858
286
268
57
251
312
40
232
420
50
217
1784
468
651
321
402
313
1934
1131
1927
545
254
2050
385
209
69
457
323
1894
376
1295
529
310
263
49
891
817
39
229
384
308
1385
259
397
39
587
2184
361
64
150
378
353
282
29
807
58
1284
290
198
357
45
527
1574
504
479
711
956
514
491
494
228
117
417
1035
464
353
332
270
508
30
215
300
1697
254
224
513
342
223
325
2170
2236
1462
386
206
898
1838
185
311
1129
77
69
649
106
732
843
591
2236
231
563
225
286
201
379
1324
1234
1012
805
1230
202
655
387
874
274
315
354
366
372
406
321
1476
502
65
1963
36
316
328
644
279
241
1903
248
831
287
423
1063
403
1093
1912
322
746
254
367
202
203
474
188
221
200
380
543
275
37
1376
185
229
50
265
670
326
1000
1317
40
190
240
206
97
253
185
486
289
961
169
416
2236
356
450
57
1060
254
63
1923
211
452
303
421
402
469
1499
608
383
1884
841
1477
188
201
382
1306
474
2236
33
473
201
337
1927
1812
253
1949
296
1337
497
529
50
173
1888
36
34
1247
479
177
415
57
2236
367
315
329
2236
1332
1760
242
268
344
188
178
37
222
330
353
223
611
268
513
897
196
182
186
734
29
1869
330
359
384
235
224
33
1923
351
578
717
562
720
345
1197
667
246
722
1909
426
219
1939
249
222
830
1514
684
2016
375
418
821
1891
1974
1999
1404
680
861
614
1281
1161
604
1970
497
929
330
458
1034
246
1929
1607
571
821
1868
1009
550
573
1864
483
778
1250
1083
1101
883
1716
294
1387
284
398
88
210
42
427
511
254
253
395
1789
1379
1708
1685
1385
707
1472
66
207
456
1933
1032
67
772
392
1928
396
376
210
1075
233
35
1228
1919
53
1882
599
38
169
2180
1071
2236
1712
1856
1904
1887
1452
1905
1937
650
1952
1910
891
250
1351
222
205
216
454
550
472
151
1293
860
1906
332
499
755
1158
1342
384
371
352
1270
698
2236
1137
1051
1351
2019
345
166
1228
252
35
45
696
260
49
41
53
222
258
54
48
636
396
45
646
594
1919
546
999
1927
392
887
813
37
410
1875
342
656
423
959
182
69
262
518
1781
459
508
211
289
206
767
738
33
1081
209
1824
33
35
252
728
244
290
972
618
1547
1566
275
1995
39
176
124
1920
1080
304
629
736
388
51
510
674
497
518
369
1914
536
238
302
54
59
268
387
242
194
30
729
1447
40
217
187
205
1516
399
1944
674
33
472
513
33
1787
1912
54
361
67
238
1926
317
51
322
1883
2236
41
249
186
194
1902
444
2236
35
777
2042
593
531
390
193
33
760
1447
186
197
2121
959
1066
36
172
507
476
1593
188
185
191
39
38
198
55
185
52
36
196
986
48
762
84
65
1279
35
345
1931
738
831
446
199
191
307
178
195
438
408
327
896
50
1431
205
252
298
260
1914
1248
1821
605
460
1777
1726
387
59
348
32
337
229
192
360
915
1566
2199
1960
252
1836
238
200
390
818
497
1621
36
334
620
34
31
743
205
34
553
288
300
2236
310
38
37
188
263
33
56
1580
599
202
39
190
39
612
482
287
336
637
256
188
45
470
857
649
331
167
238
402
595
483
384
734
169
233
358
475
453
387
436
342
289
626
1054
398
1947
115
1231
816
331
199
252
175
382
221
513
192
270
368
857
580
733
591
732
48
236
540
1978
2236
72
48
357
32
430
563
800
333
34
256
413
1432
1818
1926
228
45
41
32
875
188
193
351
243
44
267
862
184
200
385
168
1845
1163
1008
158
200
302
341
160
160
185
1927
313
187
159
256
661
270
216
199
283
206
219
213
464
45
648
1887
1944
1323
2069
594
1839
266
434
983
1855
39
721
48
490
220
1006
54
869
564
1809
1122
954
876
1851
2236
377
255
195
52
1317
1358
266
381
335
486
331
33
32
238
588
288
1888
1972
747
2236
1910
2236
342
477
868
271
2236
291
1143
1881
445
139
50
164
489
2050
1958
40
432
1197
45
731
48
204
596
32
39
43
1323
71
194
61
434
524
38
1207
61
255
397
30
50
177
685
39
1891
309
257
534
45
279
41
2236
48
1663
250
182
284
45
40
36
321
262
56
36
392
1778
670
1047
294
45
1229
1484
1908
324
229
413
273
389
1897
874
1929
2055
1691
872
963
1925
902
1902
444
343
445
280
419
505
232
738
221
340
234
557
1754
1922
291
1915
1937
1845
1655
338
239
1957
367
455
227
1890
808
2087
2236
232
1913
719
444
1027
237
799
247
249
333
623
418
2078
250
618
225
275
201
186
385
294
321
197
275
280
247
207
362
253
315
280
292
216
199
285
577
1932
508
706
574
38
36
1974
1938
39
1564
2227
342
674
138
2236
54
2166
465
1370
329
1689
344
1608
55
534
760
41
36
262
45
271
675
798
594
304
226
68
56
372
1162
484
470
225
367
1901
300
576
47
188
1251
177
711
206
30
46
632
1890
263
45
110
625
184
490
682
432
255
252
309
2028
2236
28
48
311
254
291
463
375
631
36
37
161
1219
32
326
35
312
1942
249
490
388
55
423
494
41
653
185
28
227
413
631
1156
306
413
485
970
186
28
43
32
42
243
238
666
489
294
203
189
664
191
36
180
188
236
172
231
363
176
440
33
294
96
222
231
226
271
276
418
742
862
915
915
470
48
264
886
200
200
258
268
191
217
187
173
444
195
229
209
181
430
32
806
539
856
327
558
284
285
372
525
326
1334
217
198
216
1070
231
711
239
192
199
318
329
176
194
236
699
220
333
201
215
488
195
1158
53
42
28
168
314
320
232
324
293
317
350
189
205
291
364
386
263
283
327
904
505
187
705
326
194
1908
36
418
607
247
29
54
170
37
478
52
257
35
1929
332
40
1121
818
32
37
219
184
187
632
684
433
191
1828
444
200
267
460
211
261
277
281
306
472
76
252
314
544
452
419
486
237
276
315
251
213
498
242
319
52
238
312
225
2074
389
294
260
470
378
1426
309
315
185
289
269
222
259
199
303
184
239
191
173
349
1776
183
1550
39
442
367
333
31
36
459
1413
667
782
132
127
140
474
170
230
631
131
1609
434
373
77
212
760
76
357
338
37
172
250
344
418
57
33
37
50
49
31
65
250
226
140
171
272
334
267
42
936
324
165
173
480
437
379
533
44
36
1918
39
1870
28
552
33
77
177
46
1284
33
33
411
263
301
1364
53
55
839
313
32
406
41
36
70
207
32
31
35
32
280
470
27
592
204
173
171
278
194
240
232
275
315
198
255
341
191
171
192
168
182
193
214
1083
211
29
58
1099
249
560
225
173
49
54
389
44
215
168
329
408
39
407
641
202
189
182
197
184
223
224
174
212
202
217
219
219
194
895
205
293
177
310
181
188
182
162
184
191
770
193
208
168
197
162
221
251
310
174
220
179
441
230
176
187
176
195
172
172
250
190
182
229
196
227
268
502
681
180
171
168
311
189
174
221
183
290
160
205
239
183
179
221
175
174
194
195
217
195
172
193
200
241
188
215
193
300
206
171
175
196
202
195
222
168
177
183
265
933
187
262
196
168
179
166
224
202
180
285
173
51
522
250
489
215
330
193
1188
776
142
33
27
100
51
46
36
32
64
233
30
58
65
29
38
36
219
35
29
225
94
45
55
31
562
37
37
41
32
30
233
191
38
247
35
54
38
34
33
30
39
70
33
42
43
653
35
33
37
33
208
55
34
33
31
163
30
193
197
51
403
38
193
38
38
29
30
30
37
302
36
35
32
62
53
358
245
229
355
48
187
35
36
30
41
